10000
0
2
1
3
2
3
3
3
4
2
5
2
6
3
7
3
8
3
9
3
10
2
11
2
12
3
13
3
14
3
15
3
16
2
17
2
18
3
19
3
20
3
21
3
22
2
23
2
24
3
25
3
26
3
27
3
28
2
29
2
30
3
31
3
32
3
33
3
34
2
35
2
36
3
37
3
38
3
39
3
40
2
41
2
42
3
43
3
44
3
45
3
46
2
47
2
48
3
49
3
50
3
51
3
52
2
53
2
54
3
55
3
56
3
57
3
58
2
59
2
60
3
61
3
62
3
63
3
64
2
65
2
66
3
67
3
68
3
69
3
70
2
71
2
72
3
73
2
74
3
75
4
76
4
77
4
78
3
79
3
80
4
81
4
82
4
83
4
84
3
85
3
86
4
87
4
88
4
89
4
90
3
91
3
92
4
93
4
94
4
95
4
96
3
97
3
98
4
99
4
100
4
101
4
102
3
103
3
104
4
105
4
106
4
107
4
108
3
109
3
110
4
111
4
112
4
113
4
114
3
115
3
116
4
117
4
118
4
119
4
120
3
121
3
122
4
123
4
124
4
125
4
126
3
127
3
128
4
129
4
130
4
131
4
132
3
133
3
134
4
135
4
136
4
137
4
138
3
139
3
140
4
141
4
142
4
143
4
144
3
145
3
146
4
147
3
148
3
149
4
150
4
151
4
152
3
153
3
154
4
155
4
156
4
157
4
158
3
159
3
160
4
161
4
162
4
163
4
164
3
165
3
166
4
167
4
168
4
169
4
170
3
171
3
172
4
173
4
174
4
175
4
176
3
177
3
178
4
179
4
180
4
181
4
182
3
183
3
184
4
185
4
186
4
187
4
188
3
189
3
190
4
191
4
192
4
193
4
194
3
195
3
196
4
197
4
198
4
199
4
200
3
201
3
202
4
203
4
204
4
205
4
206
3
207
3
208
4
209
4
210
4
211
4
212
3
213
3
214
4
215
4
216
4
217
4
218
3
219
3
220
4
221
3
222
3
223
4
224
4
225
4
226
3
227
3
228
4
229
4
230
4
231
4
232
3
233
3
234
4
235
4
236
4
237
4
238
3
239
3
240
4
241
4
242
4
243
4
244
3
245
3
246
4
247
4
248
4
249
4
250
3
251
3
252
4
253
4
254
4
255
4
256
3
257
3
258
4
259
4
260
4
261
4
262
3
263
3
264
4
265
4
266
4
267
4
268
3
269
3
270
4
271
4
272
4
273
4
274
3
275
3
276
4
277
4
278
4
279
4
280
3
281
3
282
4
283
4
284
4
285
4
286
3
287
3
288
4
289
4
290
4
291
4
292
3
293
3
294
4
295
3
296
2
297
3
298
3
299
3
300
4
301
3
302
3
303
3
304
3
305
4
306
3
307
3
308
3
309
3
310
4
311
3
312
3
313
3
314
3
315
4
316
3
317
3
318
3
319
3
320
4
321
3
322
3
323
3
324
3
325
4
326
3
327
3
328
3
329
3
330
4
331
3
332
3
333
3
334
3
335
4
336
3
337
3
338
3
339
3
340
4
341
3
342
3
343
3
344
3
345
4
346
3
347
3
348
3
349
3
350
4
351
3
352
3
353
3
354
3
355
4
356
3
357
3
358
3
359
3
360
4
361
3
362
3
363
3
364
3
365
4
366
3
367
3
368
3
369
3
370
4
371
3
372
3
373
3
374
3
375
4
376
3
377
3
378
3
379
3
380
4
381
3
382
3
383
3
384
3
385
4
386
3
387
3
388
3
389
3
390
4
391
3
392
3
393
3
394
3
395
4
396
3
397
3
398
3
399
3
400
4
401
3
402
3
403
3
404
3
405
4
406
3
407
3
408
3
409
3
410
4
411
3
412
3
413
3
414
3
415
4
416
3
417
2
418
3
419
4
420
4
421
4
422
4
423
3
424
3
425
4
426
4
427
4
428
4
429
3
430
3
431
4
432
4
433
4
434
4
435
3
436
3
437
4
438
4
439
4
440
4
441
3
442
3
443
4
444
4
445
4
446
4
447
3
448
3
449
4
450
4
451
4
452
4
453
3
454
3
455
4
456
4
457
4
458
4
459
3
460
3
461
4
462
4
463
4
464
4
465
3
466
3
467
4
468
4
469
4
470
4
471
3
472
3
473
4
474
4
475
4
476
4
477
3
478
3
479
4
480
4
481
4
482
4
483
3
484
3
485
4
486
4
487
4
488
4
489
3
490
3
491
4
492
4
493
4
494
4
495
3
496
3
497
4
498
4
499
4
500
4
501
3
502
3
503
4
504
4
505
4
506
4
507
3
508
3
509
4
510
4
511
4
512
4
513
3
514
3
515
4
516
4
517
4
518
4
519
3
520
3
521
4
522
4
523
4
524
4
525
3
526
3
527
4
528
4
529
4
530
4
531
3
532
3
533
4
534
4
535
4
536
4
537
3
538
3
539
4
540
4
541
4
542
4
543
3
544
3
545
4
546
4
547
4
548
4
549
3
550
3
551
4
552
4
553
4
554
4
555
3
556
3
557
4
558
4
559
4
560
4
561
3
562
3
563
4
564
4
565
4
566
4
567
3
568
3
569
4
570
4
571
4
572
4
573
3
574
3
575
4
576
4
577
4
578
4
579
3
580
3
581
4
582
4
583
4
584
4
585
3
586
3
587
4
588
4
589
4
590
4
591
3
592
3
593
4
594
4
595
4
596
4
597
3
598
3
599
4
600
4
601
4
602
4
603
3
604
3
605
4
606
4
607
4
608
4
609
3
610
3
611
4
612
4
613
4
614
4
615
3
616
3
617
4
618
4
619
4
620
4
621
3
622
3
623
4
624
4
625
4
626
4
627
3
628
3
629
4
630
4
631
4
632
4
633
3
634
3
635
4
636
4
637
4
638
4
639
3
640
3
641
4
642
4
643
4
644
4
645
3
646
3
647
4
648
4
649
4
650
4
651
3
652
3
653
4
654
4
655
4
656
4
657
3
658
3
659
4
660
4
661
4
662
4
663
3
664
3
665
4
666
4
667
4
668
4
669
3
670
3
671
4
672
4
673
4
674
4
675
3
676
3
677
4
678
4
679
4
680
4
681
3
682
3
683
4
684
4
685
4
686
4
687
3
688
3
689
4
690
4
691
4
692
4
693
3
694
3
695
4
696
4
697
4
698
4
699
3
700
3
701
4
702
4
703
4
704
4
705
3
706
2
707
3
708
3
709
3
710
4
711
3
712
3
713
3
714
3
715
4
716
3
717
3
718
3
719
3
720
4
721
3
722
3
723
3
724
3
725
4
726
3
727
3
728
3
729
3
730
4
731
3
732
3
733
3
734
3
735
4
736
3
737
3
738
3
739
3
740
4
741
3
742
3
743
3
744
3
745
4
746
3
747
3
748
3
749
3
750
4
751
3
752
3
753
3
754
3
755
4
756
3
757
3
758
3
759
3
760
4
761
3
762
3
763
3
764
3
765
4
766
3
767
3
768
3
769
3
770
4
771
3
772
3
773
3
774
3
775
4
776
3
777
3
778
3
779
3
780
4
781
3
782
3
783
3
784
3
785
4
786
3
787
3
788
3
789
3
790
4
791
3
792
3
793
3
794
3
795
4
796
3
797
3
798
3
799
3
800
4
801
3
802
3
803
3
804
3
805
4
806
3
807
3
808
3
809
3
810
4
811
3
812
3
813
3
814
3
815
4
816
3
817
3
818
3
819
3
820
4
821
3
822
3
823
3
824
3
825
4
826
3
827
2
828
3
829
4
830
4
831
4
832
3
833
3
834
4
835
4
836
4
837
4
838
3
839
3
840
4
841
4
842
4
843
4
844
3
845
3
846
4
847
4
848
4
849
4
850
3
851
3
852
4
853
4
854
4
855
4
856
3
857
3
858
4
859
4
860
4
861
4
862
3
863
3
864
4
865
4
866
4
867
4
868
3
869
3
870
4
871
4
872
4
873
4
874
3
875
3
876
4
877
4
878
4
879
4
880
3
881
3
882
4
883
4
884
4
885
4
886
3
887
3
888
4
889
4
890
4
891
4
892
3
893
3
894
4
895
4
896
4
897
4
898
3
899
3
900
4
901
3
902
3
903
4
904
4
905
4
906
3
907
3
908
4
909
4
910
4
911
4
912
3
913
3
914
4
915
4
916
4
917
4
918
3
919
3
920
4
921
4
922
4
923
4
924
3
925
3
926
4
927
4
928
4
929
4
930
3
931
3
932
4
933
4
934
4
935
4
936
3
937
3
938
4
939
4
940
4
941
4
942
3
943
3
944
4
945
4
946
4
947
4
948
3
949
3
950
4
951
4
952
4
953
4
954
3
955
3
956
4
957
4
958
4
959
4
960
3
961
3
962
4
963
4
964
4
965
4
966
3
967
3
968
4
969
4
970
4
971
4
972
3
973
3
974
4
975
3
976
3
977
4
978
4
979
4
980
3
981
3
982
4
983
4
984
4
985
4
986
3
987
3
988
4
989
4
990
4
991
4
992
3
993
3
994
4
995
4
996
4
997
4
998
3
999
3
1000
4
1001
4
1002
4
1003
4
1004
3
1005
3
1006
4
1007
4
1008
4
1009
4
1010
3
1011
3
1012
4
1013
4
1014
4
1015
4
1016
3
1017
3
1018
4
1019
4
1020
4
1021
4
1022
3
1023
3
1024
4
1025
4
1026
4
1027
4
1028
3
1029
3
1030
4
1031
4
1032
4
1033
4
1034
3
1035
3
1036
4
1037
4
1038
4
1039
4
1040
3
1041
3
1042
4
1043
4
1044
4
1045
4
1046
3
1047
3
1048
4
1049
3
1050
3
1051
4
1052
4
1053
4
1054
3
1055
3
1056
4
1057
4
1058
4
1059
4
1060
3
1061
3
1062
4
1063
4
1064
4
1065
4
1066
3
1067
3
1068
4
1069
4
1070
4
1071
4
1072
3
1073
3
1074
4
1075
4
1076
4
1077
4
1078
3
1079
3
1080
4
1081
4
1082
4
1083
4
1084
3
1085
3
1086
4
1087
4
1088
4
1089
4
1090
3
1091
3
1092
4
1093
4
1094
4
1095
4
1096
3
1097
3
1098
4
1099
4
1100
4
1101
4
1102
3
1103
3
1104
4
1105
4
1106
4
1107
4
1108
3
1109
3
1110
4
1111
4
1112
4
1113
4
1114
3
1115
3
1116
4
1117
4
1118
4
1119
4
1120
3
1121
3
1122
4
1123
3
1124
2
1125
3
1126
3
1127
3
1128
4
1129
3
1130
3
1131
3
1132
3
1133
4
1134
3
1135
3
1136
3
1137
3
1138
4
1139
3
1140
3
1141
3
1142
3
1143
4
1144
3
1145
3
1146
3
1147
3
1148
4
1149
3
1150
3
1151
3
1152
3
1153
4
1154
3
1155
3
1156
3
1157
3
1158
4
1159
3
1160
3
1161
3
1162
3
1163
4
1164
3
1165
3
1166
3
1167
3
1168
4
1169
3
1170
3
1171
3
1172
3
1173
4
1174
3
1175
3
1176
3
1177
3
1178
4
1179
3
1180
3
1181
3
1182
3
1183
4
1184
3
1185
3
1186
3
1187
3
1188
4
1189
3
1190
3
1191
3
1192
3
1193
4
1194
3
1195
3
1196
3
1197
3
1198
4
1199
3
1200
3
1201
3
1202
3
1203
4
1204
3
1205
3
1206
3
1207
3
1208
4
1209
3
1210
3
1211
3
1212
3
1213
4
1214
3
1215
3
1216
3
1217
3
1218
4
1219
3
1220
3
1221
3
1222
3
1223
4
1224
3
1225
3
1226
3
1227
3
1228
4
1229
3
1230
3
1231
3
1232
3
1233
4
1234
3
1235
3
1236
3
1237
3
1238
4
1239
3
1240
3
1241
3
1242
3
1243
4
1244
3
1245
2
1246
3
1247
4
1248
4
1249
4
1250
4
1251
3
1252
3
1253
4
1254
4
1255
4
1256
4
1257
3
1258
3
1259
4
1260
4
1261
4
1262
4
1263
3
1264
3
1265
4
1266
4
1267
4
1268
4
1269
3
1270
3
1271
4
1272
4
1273
4
1274
4
1275
3
1276
3
1277
4
1278
4
1279
4
1280
4
1281
3
1282
3
1283
4
1284
4
1285
4
1286
4
1287
3
1288
3
1289
4
1290
4
1291
4
1292
4
1293
3
1294
3
1295
4
1296
4
1297
4
1298
4
1299
3
1300
3
1301
4
1302
4
1303
4
1304
4
1305
3
1306
3
1307
4
1308
4
1309
4
1310
4
1311
3
1312
3
1313
4
1314
4
1315
4
1316
4
1317
3
1318
3
1319
4
1320
4
1321
4
1322
4
1323
3
1324
3
1325
4
1326
4
1327
4
1328
4
1329
3
1330
3
1331
4
1332
4
1333
4
1334
4
1335
3
1336
3
1337
4
1338
4
1339
4
1340
4
1341
3
1342
3
1343
4
1344
4
1345
4
1346
4
1347
3
1348
3
1349
4
1350
4
1351
4
1352
4
1353
3
1354
3
1355
4
1356
4
1357
4
1358
4
1359
3
1360
3
1361
4
1362
4
1363
4
1364
4
1365
3
1366
3
1367
4
1368
4
1369
4
1370
4
1371
3
1372
3
1373
4
1374
4
1375
4
1376
4
1377
3
1378
3
1379
4
1380
4
1381
4
1382
4
1383
3
1384
3
1385
4
1386
4
1387
4
1388
4
1389
3
1390
3
1391
4
1392
4
1393
4
1394
4
1395
3
1396
3
1397
4
1398
4
1399
4
1400
4
1401
3
1402
3
1403
4
1404
4
1405
4
1406
4
1407
3
1408
3
1409
4
1410
4
1411
4
1412
4
1413
3
1414
3
1415
4
1416
4
1417
4
1418
4
1419
3
1420
3
1421
4
1422
4
1423
4
1424
4
1425
3
1426
3
1427
4
1428
4
1429
4
1430
4
1431
3
1432
3
1433
4
1434
4
1435
4
1436
4
1437
3
1438
3
1439
4
1440
4
1441
4
1442
4
1443
3
1444
3
1445
4
1446
4
1447
4
1448
4
1449
3
1450
3
1451
4
1452
4
1453
4
1454
4
1455
3
1456
3
1457
4
1458
4
1459
4
1460
4
1461
3
1462
3
1463
4
1464
4
1465
4
1466
4
1467
3
1468
3
1469
4
1470
4
1471
4
1472
4
1473
3
1474
3
1475
4
1476
4
1477
4
1478
4
1479
3
1480
3
1481
4
1482
4
1483
4
1484
4
1485
3
1486
3
1487
4
1488
4
1489
4
1490
4
1491
3
1492
3
1493
4
1494
4
1495
4
1496
4
1497
3
1498
3
1499
4
1500
4
1501
4
1502
4
1503
3
1504
3
1505
4
1506
4
1507
4
1508
4
1509
3
1510
3
1511
4
1512
4
1513
4
1514
4
1515
3
1516
3
1517
4
1518
4
1519
4
1520
4
1521
3
1522
3
1523
4
1524
4
1525
4
1526
4
1527
3
1528
3
1529
4
1530
4
1531
4
1532
4
1533
3
1534
2
1535
3
1536
3
1537
3
1538
4
1539
3
1540
3
1541
3
1542
3
1543
4
1544
3
1545
3
1546
3
1547
3
1548
4
1549
3
1550
3
1551
3
1552
3
1553
4
1554
3
1555
3
1556
3
1557
3
1558
4
1559
3
1560
3
1561
3
1562
3
1563
4
1564
3
1565
3
1566
3
1567
3
1568
4
1569
3
1570
3
1571
3
1572
3
1573
4
1574
3
1575
3
1576
3
1577
3
1578
4
1579
3
1580
3
1581
3
1582
3
1583
4
1584
3
1585
3
1586
3
1587
3
1588
4
1589
3
1590
3
1591
3
1592
3
1593
4
1594
3
1595
3
1596
3
1597
3
1598
4
1599
3
1600
3
1601
3
1602
3
1603
4
1604
3
1605
3
1606
3
1607
3
1608
4
1609
3
1610
3
1611
3
1612
3
1613
4
1614
3
1615
3
1616
3
1617
3
1618
4
1619
3
1620
3
1621
3
1622
3
1623
4
1624
3
1625
3
1626
3
1627
3
1628
4
1629
3
1630
3
1631
3
1632
3
1633
4
1634
3
1635
3
1636
3
1637
3
1638
4
1639
3
1640
3
1641
3
1642
3
1643
4
1644
3
1645
3
1646
3
1647
3
1648
4
1649
3
1650
3
1651
3
1652
3
1653
4
1654
3
1655
2
1656
3
1657
4
1658
4
1659
4
1660
3
1661
3
1662
4
1663
4
1664
4
1665
4
1666
3
1667
3
1668
4
1669
4
1670
4
1671
4
1672
3
1673
3
1674
4
1675
4
1676
4
1677
4
1678
3
1679
3
1680
4
1681
4
1682
4
1683
4
1684
3
1685
3
1686
4
1687
4
1688
4
1689
4
1690
3
1691
3
1692
4
1693
4
1694
4
1695
4
1696
3
1697
3
1698
4
1699
4
1700
4
1701
4
1702
3
1703
3
1704
4
1705
4
1706
4
1707
4
1708
3
1709
3
1710
4
1711
4
1712
4
1713
4
1714
3
1715
3
1716
4
1717
4
1718
4
1719
4
1720
3
1721
3
1722
4
1723
4
1724
4
1725
4
1726
3
1727
3
1728
4
1729
3
1730
3
1731
4
1732
4
1733
4
1734
3
1735
3
1736
4
1737
4
1738
4
1739
4
1740
3
1741
3
1742
4
1743
4
1744
4
1745
4
1746
3
1747
3
1748
4
1749
4
1750
4
1751
4
1752
3
1753
3
1754
4
1755
4
1756
4
1757
4
1758
3
1759
3
1760
4
1761
4
1762
4
1763
4
1764
3
1765
3
1766
4
1767
4
1768
4
1769
4
1770
3
1771
3
1772
4
1773
4
1774
4
1775
4
1776
3
1777
3
1778
4
1779
4
1780
4
1781
4
1782
3
1783
3
1784
4
1785
4
1786
4
1787
4
1788
3
1789
3
1790
4
1791
4
1792
4
1793
4
1794
3
1795
3
1796
4
1797
4
1798
4
1799
4
1800
3
1801
3
1802
4
1803
3
1804
3
1805
4
1806
4
1807
4
1808
3
1809
3
1810
4
1811
4
1812
4
1813
4
1814
3
1815
3
1816
4
1817
4
1818
4
1819
4
1820
3
1821
3
1822
4
1823
4
1824
4
1825
4
1826
3
1827
3
1828
4
1829
4
1830
4
1831
4
1832
3
1833
3
1834
4
1835
4
1836
4
1837
4
1838
3
1839
3
1840
4
1841
4
1842
4
1843
4
1844
3
1845
3
1846
4
1847
4
1848
4
1849
4
1850
3
1851
3
1852
4
1853
4
1854
4
1855
4
1856
3
1857
3
1858
4
1859
4
1860
4
1861
4
1862
3
1863
3
1864
4
1865
4
1866
4
1867
4
1868
3
1869
3
1870
4
1871
4
1872
4
1873
4
1874
3
1875
3
1876
4
1877
3
1878
3
1879
4
1880
4
1881
4
1882
3
1883
3
1884
4
1885
4
1886
4
1887
4
1888
3
1889
3
1890
4
1891
4
1892
4
1893
4
1894
3
1895
3
1896
4
1897
4
1898
4
1899
4
1900
3
1901
3
1902
4
1903
4
1904
4
1905
4
1906
3
1907
3
1908
4
1909
4
1910
4
1911
4
1912
3
1913
3
1914
4
1915
4
1916
4
1917
4
1918
3
1919
3
1920
4
1921
4
1922
4
1923
4
1924
3
1925
3
1926
4
1927
4
1928
4
1929
4
1930
3
1931
3
1932
4
1933
4
1934
4
1935
4
1936
3
1937
3
1938
4
1939
4
1940
4
1941
4
1942
3
1943
3
1944
4
1945
4
1946
4
1947
4
1948
3
1949
3
1950
4
1951
3
1952
2
1953
3
1954
3
1955
3
1956
4
1957
3
1958
3
1959
3
1960
3
1961
4
1962
3
1963
3
1964
3
1965
3
1966
4
1967
3
1968
3
1969
3
1970
3
1971
4
1972
3
1973
3
1974
3
1975
3
1976
4
1977
3
1978
3
1979
3
1980
3
1981
4
1982
3
1983
3
1984
3
1985
3
1986
4
1987
3
1988
3
1989
3
1990
3
1991
4
1992
3
1993
3
1994
3
1995
3
1996
4
1997
3
1998
3
1999
3
2000
3
2001
4
2002
3
2003
3
2004
3
2005
3
2006
4
2007
3
2008
3
2009
3
2010
3
2011
4
2012
3
2013
3
2014
3
2015
3
2016
4
2017
3
2018
3
2019
3
2020
3
2021
4
2022
3
2023
3
2024
3
2025
3
2026
4
2027
3
2028
3
2029
3
2030
3
2031
4
2032
3
2033
3
2034
3
2035
3
2036
4
2037
3
2038
3
2039
3
2040
3
2041
4
2042
3
2043
3
2044
3
2045
3
2046
4
2047
3
2048
3
2049
3
2050
3
2051
4
2052
3
2053
3
2054
3
2055
3
2056
4
2057
3
2058
3
2059
3
2060
3
2061
4
2062
3
2063
3
2064
3
2065
3
2066
4
2067
3
2068
3
2069
3
2070
3
2071
4
2072
3
2073
2
2074
3
2075
4
2076
4
2077
4
2078
4
2079
3
2080
3
2081
4
2082
4
2083
4
2084
4
2085
3
2086
3
2087
4
2088
4
2089
4
2090
4
2091
3
2092
3
2093
4
2094
4
2095
4
2096
4
2097
3
2098
3
2099
4
2100
4
2101
4
2102
4
2103
3
2104
3
2105
4
2106
4
2107
4
2108
4
2109
3
2110
3
2111
4
2112
4
2113
4
2114
4
2115
3
2116
3
2117
4
2118
4
2119
4
2120
4
2121
3
2122
3
2123
4
2124
4
2125
4
2126
4
2127
3
2128
3
2129
4
2130
4
2131
4
2132
4
2133
3
2134
3
2135
4
2136
4
2137
4
2138
4
2139
3
2140
3
2141
4
2142
4
2143
4
2144
4
2145
3
2146
3
2147
4
2148
4
2149
4
2150
4
2151
3
2152
3
2153
4
2154
4
2155
4
2156
4
2157
3
2158
3
2159
4
2160
4
2161
4
2162
4
2163
3
2164
3
2165
4
2166
4
2167
4
2168
4
2169
3
2170
3
2171
4
2172
4
2173
4
2174
4
2175
3
2176
3
2177
4
2178
4
2179
4
2180
4
2181
3
2182
3
2183
4
2184
4
2185
4
2186
4
2187
3
2188
3
2189
4
2190
4
2191
4
2192
4
2193
3
2194
3
2195
4
2196
4
2197
4
2198
4
2199
3
2200
3
2201
4
2202
4
2203
4
2204
4
2205
3
2206
3
2207
4
2208
4
2209
4
2210
4
2211
3
2212
3
2213
4
2214
4
2215
4
2216
4
2217
3
2218
3
2219
4
2220
4
2221
4
2222
4
2223
3
2224
3
2225
4
2226
4
2227
4
2228
4
2229
3
2230
3
2231
4
2232
4
2233
4
2234
4
2235
3
2236
3
2237
4
2238
4
2239
4
2240
4
2241
3
2242
3
2243
4
2244
4
2245
4
2246
4
2247
3
2248
3
2249
4
2250
4
2251
4
2252
4
2253
3
2254
3
2255
4
2256
4
2257
4
2258
4
2259
3
2260
3
2261
4
2262
4
2263
4
2264
4
2265
3
2266
3
2267
4
2268
4
2269
4
2270
4
2271
3
2272
3
2273
4
2274
4
2275
4
2276
4
2277
3
2278
3
2279
4
2280
4
2281
4
2282
4
2283
3
2284
3
2285
4
2286
4
2287
4
2288
4
2289
3
2290
3
2291
4
2292
4
2293
4
2294
4
2295
3
2296
3
2297
4
2298
4
2299
4
2300
4
2301
3
2302
3
2303
4
2304
4
2305
4
2306
4
2307
3
2308
3
2309
4
2310
4
2311
4
2312
4
2313
3
2314
3
2315
4
2316
4
2317
4
2318
4
2319
3
2320
3
2321
4
2322
4
2323
4
2324
4
2325
3
2326
3
2327
4
2328
4
2329
4
2330
4
2331
3
2332
3
2333
4
2334
4
2335
4
2336
4
2337
3
2338
3
2339
4
2340
4
2341
4
2342
4
2343
3
2344
3
2345
4
2346
4
2347
4
2348
4
2349
3
2350
3
2351
4
2352
4
2353
4
2354
4
2355
3
2356
3
2357
4
2358
4
2359
4
2360
4
2361
3
2362
2
2363
3
2364
3
2365
3
2366
4
2367
3
2368
3
2369
3
2370
3
2371
4
2372
3
2373
3
2374
3
2375
3
2376
4
2377
3
2378
3
2379
3
2380
3
2381
4
2382
3
2383
3
2384
3
2385
3
2386
4
2387
3
2388
3
2389
3
2390
3
2391
4
2392
3
2393
3
2394
3
2395
3
2396
4
2397
3
2398
3
2399
3
2400
3
2401
4
2402
3
2403
3
2404
3
2405
3
2406
4
2407
3
2408
3
2409
3
2410
3
2411
4
2412
3
2413
3
2414
3
2415
3
2416
4
2417
3
2418
3
2419
3
2420
3
2421
4
2422
3
2423
3
2424
3
2425
3
2426
4
2427
3
2428
3
2429
3
2430
3
2431
4
2432
3
2433
3
2434
3
2435
3
2436
4
2437
3
2438
3
2439
3
2440
3
2441
4
2442
3
2443
3
2444
3
2445
3
2446
4
2447
3
2448
3
2449
3
2450
3
2451
4
2452
3
2453
3
2454
3
2455
3
2456
4
2457
3
2458
3
2459
3
2460
3
2461
4
2462
3
2463
3
2464
3
2465
3
2466
4
2467
3
2468
3
2469
3
2470
3
2471
4
2472
3
2473
3
2474
3
2475
3
2476
4
2477
3
2478
3
2479
3
2480
3
2481
4
2482
3
2483
2
2484
3
2485
4
2486
4
2487
4
2488
3
2489
3
2490
4
2491
4
2492
4
2493
4
2494
3
2495
3
2496
4
2497
4
2498
4
2499
4
2500
3
2501
3
2502
4
2503
4
2504
4
2505
4
2506
3
2507
3
2508
4
2509
4
2510
4
2511
4
2512
3
2513
3
2514
4
2515
4
2516
4
2517
4
2518
3
2519
3
2520
4
2521
4
2522
4
2523
4
2524
3
2525
3
2526
4
2527
4
2528
4
2529
4
2530
3
2531
3
2532
4
2533
4
2534
4
2535
4
2536
3
2537
3
2538
4
2539
4
2540
4
2541
4
2542
3
2543
3
2544
4
2545
4
2546
4
2547
4
2548
3
2549
3
2550
4
2551
4
2552
4
2553
4
2554
3
2555
3
2556
4
2557
3
2558
3
2559
4
2560
4
2561
4
2562
3
2563
3
2564
4
2565
4
2566
4
2567
4
2568
3
2569
3
2570
4
2571
4
2572
4
2573
4
2574
3
2575
3
2576
4
2577
4
2578
4
2579
4
2580
3
2581
3
2582
4
2583
4
2584
4
2585
4
2586
3
2587
3
2588
4
2589
4
2590
4
2591
4
2592
3
2593
3
2594
4
2595
4
2596
4
2597
4
2598
3
2599
3
2600
4
2601
4
2602
4
2603
4
2604
3
2605
3
2606
4
2607
4
2608
4
2609
4
2610
3
2611
3
2612
4
2613
4
2614
4
2615
4
2616
3
2617
3
2618
4
2619
4
2620
4
2621
4
2622
3
2623
3
2624
4
2625
4
2626
4
2627
4
2628
3
2629
3
2630
4
2631
3
2632
3
2633
4
2634
4
2635
4
2636
3
2637
3
2638
4
2639
4
2640
4
2641
4
2642
3
2643
3
2644
4
2645
4
2646
4
2647
4
2648
3
2649
3
2650
4
2651
4
2652
4
2653
4
2654
3
2655
3
2656
4
2657
4
2658
4
2659
4
2660
3
2661
3
2662
4
2663
4
2664
4
2665
4
2666
3
2667
3
2668
4
2669
4
2670
4
2671
4
2672
3
2673
3
2674
4
2675
4
2676
4
2677
4
2678
3
2679
3
2680
4
2681
4
2682
4
2683
4
2684
3
2685
3
2686
4
2687
4
2688
4
2689
4
2690
3
2691
3
2692
4
2693
4
2694
4
2695
4
2696
3
2697
3
2698
4
2699
4
2700
4
2701
4
2702
3
2703
3
2704
4
2705
3
2706
3
2707
4
2708
4
2709
4
2710
3
2711
3
2712
4
2713
4
2714
4
2715
4
2716
3
2717
3
2718
4
2719
4
2720
4
2721
4
2722
3
2723
3
2724
4
2725
4
2726
4
2727
4
2728
3
2729
3
2730
4
2731
4
2732
4
2733
4
2734
3
2735
3
2736
4
2737
4
2738
4
2739
4
2740
3
2741
3
2742
4
2743
4
2744
4
2745
4
2746
3
2747
3
2748
4
2749
4
2750
4
2751
4
2752
3
2753
3
2754
4
2755
4
2756
4
2757
4
2758
3
2759
3
2760
4
2761
4
2762
4
2763
4
2764
3
2765
3
2766
4
2767
4
2768
4
2769
4
2770
3
2771
3
2772
4
2773
4
2774
4
2775
4
2776
3
2777
3
2778
4
2779
3
2780
2
2781
3
2782
3
2783
3
2784
4
2785
3
2786
3
2787
3
2788
3
2789
4
2790
3
2791
3
2792
3
2793
3
2794
4
2795
3
2796
3
2797
3
2798
3
2799
4
2800
3
2801
3
2802
3
2803
3
2804
4
2805
3
2806
3
2807
3
2808
3
2809
4
2810
3
2811
3
2812
3
2813
3
2814
4
2815
3
2816
3
2817
3
2818
3
2819
4
2820
3
2821
3
2822
3
2823
3
2824
4
2825
3
2826
3
2827
3
2828
3
2829
4
2830
3
2831
3
2832
3
2833
3
2834
4
2835
3
2836
3
2837
3
2838
3
2839
4
2840
3
2841
3
2842
3
2843
3
2844
4
2845
3
2846
3
2847
3
2848
3
2849
4
2850
3
2851
3
2852
3
2853
3
2854
4
2855
3
2856
3
2857
3
2858
3
2859
4
2860
3
2861
3
2862
3
2863
3
2864
4
2865
3
2866
3
2867
3
2868
3
2869
4
2870
3
2871
3
2872
3
2873
3
2874
4
2875
3
2876
3
2877
3
2878
3
2879
4
2880
3
2881
3
2882
3
2883
3
2884
4
2885
3
2886
3
2887
3
2888
3
2889
4
2890
3
2891
3
2892
3
2893
3
2894
4
2895
3
2896
3
2897
3
2898
3
2899
4
2900
3
2901
2
2902
3
2903
4
2904
4
2905
4
2906
4
2907
3
2908
3
2909
4
2910
4
2911
4
2912
4
2913
3
2914
3
2915
4
2916
4
2917
4
2918
4
2919
3
2920
3
2921
4
2922
4
2923
4
2924
4
2925
3
2926
3
2927
4
2928
4
2929
4
2930
4
2931
3
2932
3
2933
4
2934
4
2935
4
2936
4
2937
3
2938
3
2939
4
2940
4
2941
4
2942
4
2943
3
2944
3
2945
4
2946
4
2947
4
2948
4
2949
3
2950
3
2951
4
2952
4
2953
4
2954
4
2955
3
2956
3
2957
4
2958
4
2959
4
2960
4
2961
3
2962
3
2963
4
2964
4
2965
4
2966
4
2967
3
2968
3
2969
4
2970
4
2971
4
2972
4
2973
3
2974
3
2975
4
2976
4
2977
4
2978
4
2979
3
2980
3
2981
4
2982
4
2983
4
2984
4
2985
3
2986
3
2987
4
2988
4
2989
4
2990
4
2991
3
2992
3
2993
4
2994
4
2995
4
2996
4
2997
3
2998
3
2999
4
3000
4
3001
4
3002
4
3003
3
3004
3
3005
4
3006
4
3007
4
3008
4
3009
3
3010
3
3011
4
3012
4
3013
4
3014
4
3015
3
3016
3
3017
4
3018
4
3019
4
3020
4
3021
3
3022
3
3023
4
3024
4
3025
4
3026
4
3027
3
3028
3
3029
4
3030
4
3031
4
3032
4
3033
3
3034
3
3035
4
3036
4
3037
4
3038
4
3039
3
3040
3
3041
4
3042
4
3043
4
3044
4
3045
3
3046
3
3047
4
3048
4
3049
4
3050
4
3051
3
3052
3
3053
4
3054
4
3055
4
3056
4
3057
3
3058
3
3059
4
3060
4
3061
4
3062
4
3063
3
3064
3
3065
4
3066
4
3067
4
3068
4
3069
3
3070
3
3071
4
3072
4
3073
4
3074
4
3075
3
3076
3
3077
4
3078
4
3079
4
3080
4
3081
3
3082
3
3083
4
3084
4
3085
4
3086
4
3087
3
3088
3
3089
4
3090
4
3091
4
3092
4
3093
3
3094
3
3095
4
3096
4
3097
4
3098
4
3099
3
3100
3
3101
4
3102
4
3103
4
3104
4
3105
3
3106
3
3107
4
3108
4
3109
4
3110
4
3111
3
3112
3
3113
4
3114
4
3115
4
3116
4
3117
3
3118
3
3119
4
3120
4
3121
4
3122
4
3123
3
3124
3
3125
4
3126
4
3127
4
3128
4
3129
3
3130
3
3131
4
3132
4
3133
4
3134
4
3135
3
3136
3
3137
4
3138
4
3139
4
3140
4
3141
3
3142
3
3143
4
3144
4
3145
4
3146
4
3147
3
3148
3
3149
4
3150
4
3151
4
3152
4
3153
3
3154
3
3155
4
3156
4
3157
4
3158
4
3159
3
3160
3
3161
4
3162
4
3163
4
3164
4
3165
3
3166
3
3167
4
3168
4
3169
4
3170
4
3171
3
3172
3
3173
4
3174
4
3175
4
3176
4
3177
3
3178
3
3179
4
3180
4
3181
4
3182
4
3183
3
3184
3
3185
4
3186
4
3187
4
3188
4
3189
3
3190
2
3191
3
3192
3
3193
3
3194
4
3195
3
3196
3
3197
3
3198
3
3199
4
3200
3
3201
3
3202
3
3203
3
3204
4
3205
3
3206
3
3207
3
3208
3
3209
4
3210
3
3211
3
3212
3
3213
3
3214
4
3215
3
3216
3
3217
3
3218
3
3219
4
3220
3
3221
3
3222
3
3223
3
3224
4
3225
3
3226
3
3227
3
3228
3
3229
4
3230
3
3231
3
3232
3
3233
3
3234
4
3235
3
3236
3
3237
3
3238
3
3239
4
3240
3
3241
3
3242
3
3243
3
3244
4
3245
3
3246
3
3247
3
3248
3
3249
4
3250
3
3251
3
3252
3
3253
3
3254
4
3255
3
3256
3
3257
3
3258
3
3259
4
3260
3
3261
3
3262
3
3263
3
3264
4
3265
3
3266
3
3267
3
3268
3
3269
4
3270
3
3271
3
3272
3
3273
3
3274
4
3275
3
3276
3
3277
3
3278
3
3279
4
3280
3
3281
3
3282
3
3283
3
3284
4
3285
3
3286
3
3287
3
3288
3
3289
4
3290
3
3291
3
3292
3
3293
3
3294
4
3295
3
3296
3
3297
3
3298
3
3299
4
3300
3
3301
3
3302
3
3303
3
3304
4
3305
3
3306
3
3307
3
3308
3
3309
4
3310
3
3311
2
3312
3
3313
4
3314
4
3315
4
3316
3
3317
3
3318
4
3319
4
3320
4
3321
4
3322
3
3323
3
3324
4
3325
4
3326
4
3327
4
3328
3
3329
3
3330
4
3331
4
3332
4
3333
4
3334
3
3335
3
3336
4
3337
4
3338
4
3339
4
3340
3
3341
3
3342
4
3343
4
3344
4
3345
4
3346
3
3347
3
3348
4
3349
4
3350
4
3351
4
3352
3
3353
3
3354
4
3355
4
3356
4
3357
4
3358
3
3359
3
3360
4
3361
4
3362
4
3363
4
3364
3
3365
3
3366
4
3367
4
3368
4
3369
4
3370
3
3371
3
3372
4
3373
4
3374
4
3375
4
3376
3
3377
3
3378
4
3379
4
3380
4
3381
4
3382
3
3383
3
3384
4
3385
3
3386
3
3387
4
3388
4
3389
4
3390
3
3391
3
3392
4
3393
4
3394
4
3395
4
3396
3
3397
3
3398
4
3399
4
3400
4
3401
4
3402
3
3403
3
3404
4
3405
4
3406
4
3407
4
3408
3
3409
3
3410
4
3411
4
3412
4
3413
4
3414
3
3415
3
3416
4
3417
4
3418
4
3419
4
3420
3
3421
3
3422
4
3423
4
3424
4
3425
4
3426
3
3427
3
3428
4
3429
4
3430
4
3431
4
3432
3
3433
3
3434
4
3435
4
3436
4
3437
4
3438
3
3439
3
3440
4
3441
4
3442
4
3443
4
3444
3
3445
3
3446
4
3447
4
3448
4
3449
4
3450
3
3451
3
3452
4
3453
4
3454
4
3455
4
3456
3
3457
3
3458
4
3459
3
3460
3
3461
4
3462
4
3463
4
3464
3
3465
3
3466
4
3467
4
3468
4
3469
4
3470
3
3471
3
3472
4
3473
4
3474
4
3475
4
3476
3
3477
3
3478
4
3479
4
3480
4
3481
4
3482
3
3483
3
3484
4
3485
4
3486
4
3487
4
3488
3
3489
3
3490
4
3491
4
3492
4
3493
4
3494
3
3495
3
3496
4
3497
4
3498
4
3499
4
3500
3
3501
3
3502
4
3503
4
3504
4
3505
4
3506
3
3507
3
3508
4
3509
4
3510
4
3511
4
3512
3
3513
3
3514
4
3515
4
3516
4
3517
4
3518
3
3519
3
3520
4
3521
4
3522
4
3523
4
3524
3
3525
3
3526
4
3527
4
3528
4
3529
4
3530
3
3531
3
3532
4
3533
3
3534
3
3535
4
3536
4
3537
4
3538
3
3539
3
3540
4
3541
4
3542
4
3543
4
3544
3
3545
3
3546
4
3547
4
3548
4
3549
4
3550
3
3551
3
3552
4
3553
4
3554
4
3555
4
3556
3
3557
3
3558
4
3559
4
3560
4
3561
4
3562
3
3563
3
3564
4
3565
4
3566
4
3567
4
3568
3
3569
3
3570
4
3571
4
3572
4
3573
4
3574
3
3575
3
3576
4
3577
4
3578
4
3579
4
3580
3
3581
3
3582
4
3583
4
3584
4
3585
4
3586
3
3587
3
3588
4
3589
4
3590
4
3591
4
3592
3
3593
3
3594
4
3595
4
3596
4
3597
4
3598
3
3599
3
3600
4
3601
4
3602
4
3603
4
3604
3
3605
3
3606
4
3607
3
3608
2
3609
3
3610
3
3611
3
3612
4
3613
3
3614
3
3615
3
3616
3
3617
4
3618
3
3619
3
3620
3
3621
3
3622
4
3623
3
3624
3
3625
3
3626
3
3627
4
3628
3
3629
3
3630
3
3631
3
3632
4
3633
3
3634
3
3635
3
3636
3
3637
4
3638
3
3639
3
3640
3
3641
3
3642
4
3643
3
3644
3
3645
3
3646
3
3647
4
3648
3
3649
3
3650
3
3651
3
3652
4
3653
3
3654
3
3655
3
3656
3
3657
4
3658
3
3659
3
3660
3
3661
3
3662
4
3663
3
3664
3
3665
3
3666
3
3667
4
3668
3
3669
3
3670
3
3671
3
3672
4
3673
3
3674
3
3675
3
3676
3
3677
4
3678
3
3679
3
3680
3
3681
3
3682
4
3683
3
3684
3
3685
3
3686
3
3687
4
3688
3
3689
3
3690
3
3691
3
3692
4
3693
3
3694
3
3695
3
3696
3
3697
4
3698
3
3699
3
3700
3
3701
3
3702
4
3703
3
3704
3
3705
3
3706
3
3707
4
3708
3
3709
3
3710
3
3711
3
3712
4
3713
3
3714
3
3715
3
3716
3
3717
4
3718
3
3719
3
3720
3
3721
3
3722
4
3723
3
3724
3
3725
3
3726
3
3727
4
3728
3
3729
2
3730
3
3731
4
3732
4
3733
4
3734
4
3735
3
3736
3
3737
4
3738
4
3739
4
3740
4
3741
3
3742
3
3743
4
3744
4
3745
4
3746
4
3747
3
3748
3
3749
4
3750
4
3751
4
3752
4
3753
3
3754
3
3755
4
3756
4
3757
4
3758
4
3759
3
3760
3
3761
4
3762
4
3763
4
3764
4
3765
3
3766
3
3767
4
3768
4
3769
4
3770
4
3771
3
3772
3
3773
4
3774
4
3775
4
3776
4
3777
3
3778
3
3779
4
3780
4
3781
4
3782
4
3783
3
3784
3
3785
4
3786
4
3787
4
3788
4
3789
3
3790
3
3791
4
3792
4
3793
4
3794
4
3795
3
3796
3
3797
4
3798
4
3799
4
3800
4
3801
3
3802
3
3803
4
3804
4
3805
4
3806
4
3807
3
3808
3
3809
4
3810
4
3811
4
3812
4
3813
3
3814
3
3815
4
3816
4
3817
4
3818
4
3819
3
3820
3
3821
4
3822
4
3823
4
3824
4
3825
3
3826
3
3827
4
3828
4
3829
4
3830
4
3831
3
3832
3
3833
4
3834
4
3835
4
3836
4
3837
3
3838
3
3839
4
3840
4
3841
4
3842
4
3843
3
3844
3
3845
4
3846
4
3847
4
3848
4
3849
3
3850
3
3851
4
3852
4
3853
4
3854
4
3855
3
3856
3
3857
4
3858
4
3859
4
3860
4
3861
3
3862
3
3863
4
3864
4
3865
4
3866
4
3867
3
3868
3
3869
4
3870
4
3871
4
3872
4
3873
3
3874
3
3875
4
3876
4
3877
4
3878
4
3879
3
3880
3
3881
4
3882
4
3883
4
3884
4
3885
3
3886
3
3887
4
3888
4
3889
4
3890
4
3891
3
3892
3
3893
4
3894
4
3895
4
3896
4
3897
3
3898
3
3899
4
3900
4
3901
4
3902
4
3903
3
3904
3
3905
4
3906
4
3907
4
3908
4
3909
3
3910
3
3911
4
3912
4
3913
4
3914
4
3915
3
3916
3
3917
4
3918
4
3919
4
3920
4
3921
3
3922
3
3923
4
3924
4
3925
4
3926
4
3927
3
3928
3
3929
4
3930
4
3931
4
3932
4
3933
3
3934
3
3935
4
3936
4
3937
4
3938
4
3939
3
3940
3
3941
4
3942
4
3943
4
3944
4
3945
3
3946
3
3947
4
3948
4
3949
4
3950
4
3951
3
3952
3
3953
4
3954
4
3955
4
3956
4
3957
3
3958
3
3959
4
3960
4
3961
4
3962
4
3963
3
3964
3
3965
4
3966
4
3967
4
3968
4
3969
3
3970
3
3971
4
3972
4
3973
4
3974
4
3975
3
3976
3
3977
4
3978
4
3979
4
3980
4
3981
3
3982
3
3983
4
3984
4
3985
4
3986
4
3987
3
3988
3
3989
4
3990
4
3991
4
3992
4
3993
3
3994
3
3995
4
3996
4
3997
4
3998
4
3999
3
4000
3
4001
4
4002
4
4003
4
4004
4
4005
3
4006
3
4007
4
4008
4
4009
4
4010
4
4011
3
4012
3
4013
4
4014
4
4015
4
4016
4
4017
3
4018
2
4019
3
4020
3
4021
3
4022
4
4023
3
4024
3
4025
3
4026
3
4027
4
4028
3
4029
3
4030
3
4031
3
4032
4
4033
3
4034
3
4035
3
4036
3
4037
4
4038
3
4039
3
4040
3
4041
3
4042
4
4043
3
4044
3
4045
3
4046
3
4047
4
4048
3
4049
3
4050
3
4051
3
4052
4
4053
3
4054
3
4055
3
4056
3
4057
4
4058
3
4059
3
4060
3
4061
3
4062
4
4063
3
4064
3
4065
3
4066
3
4067
4
4068
3
4069
3
4070
3
4071
3
4072
4
4073
3
4074
3
4075
3
4076
3
4077
4
4078
3
4079
3
4080
3
4081
3
4082
4
4083
3
4084
3
4085
3
4086
3
4087
4
4088
3
4089
3
4090
3
4091
3
4092
4
4093
3
4094
3
4095
3
4096
3
4097
4
4098
3
4099
3
4100
3
4101
3
4102
4
4103
3
4104
3
4105
3
4106
3
4107
4
4108
3
4109
3
4110
3
4111
3
4112
4
4113
3
4114
3
4115
3
4116
3
4117
4
4118
3
4119
3
4120
3
4121
3
4122
4
4123
3
4124
3
4125
3
4126
3
4127
4
4128
3
4129
3
4130
3
4131
3
4132
4
4133
3
4134
3
4135
3
4136
3
4137
4
4138
3
4139
2
4140
3
4141
4
4142
4
4143
4
4144
3
4145
3
4146
4
4147
4
4148
4
4149
4
4150
3
4151
3
4152
4
4153
4
4154
4
4155
4
4156
3
4157
3
4158
4
4159
4
4160
4
4161
4
4162
3
4163
3
4164
4
4165
4
4166
4
4167
4
4168
3
4169
3
4170
4
4171
4
4172
4
4173
4
4174
3
4175
3
4176
4
4177
4
4178
4
4179
4
4180
3
4181
3
4182
4
4183
4
4184
4
4185
4
4186
3
4187
3
4188
4
4189
4
4190
4
4191
4
4192
3
4193
3
4194
4
4195
4
4196
4
4197
4
4198
3
4199
3
4200
4
4201
4
4202
4
4203
4
4204
3
4205
3
4206
4
4207
4
4208
4
4209
4
4210
3
4211
3
4212
4
4213
3
4214
3
4215
4
4216
4
4217
4
4218
3
4219
3
4220
4
4221
4
4222
4
4223
4
4224
3
4225
3
4226
4
4227
4
4228
4
4229
4
4230
3
4231
3
4232
4
4233
4
4234
4
4235
4
4236
3
4237
3
4238
4
4239
4
4240
4
4241
4
4242
3
4243
3
4244
4
4245
4
4246
4
4247
4
4248
3
4249
3
4250
4
4251
4
4252
4
4253
4
4254
3
4255
3
4256
4
4257
4
4258
4
4259
4
4260
3
4261
3
4262
4
4263
4
4264
4
4265
4
4266
3
4267
3
4268
4
4269
4
4270
4
4271
4
4272
3
4273
3
4274
4
4275
4
4276
4
4277
4
4278
3
4279
3
4280
4
4281
4
4282
4
4283
4
4284
3
4285
3
4286
4
4287
3
4288
3
4289
4
4290
4
4291
4
4292
3
4293
3
4294
4
4295
4
4296
4
4297
4
4298
3
4299
3
4300
4
4301
4
4302
4
4303
4
4304
3
4305
3
4306
4
4307
4
4308
4
4309
4
4310
3
4311
3
4312
4
4313
4
4314
4
4315
4
4316
3
4317
3
4318
4
4319
4
4320
4
4321
4
4322
3
4323
3
4324
4
4325
4
4326
4
4327
4
4328
3
4329
3
4330
4
4331
4
4332
4
4333
4
4334
3
4335
3
4336
4
4337
4
4338
4
4339
4
4340
3
4341
3
4342
4
4343
4
4344
4
4345
4
4346
3
4347
3
4348
4
4349
4
4350
4
4351
4
4352
3
4353
3
4354
4
4355
4
4356
4
4357
4
4358
3
4359
3
4360
4
4361
3
4362
3
4363
4
4364
4
4365
4
4366
3
4367
3
4368
4
4369
4
4370
4
4371
4
4372
3
4373
3
4374
4
4375
4
4376
4
4377
4
4378
3
4379
3
4380
4
4381
4
4382
4
4383
4
4384
3
4385
3
4386
4
4387
4
4388
4
4389
4
4390
3
4391
3
4392
4
4393
4
4394
4
4395
4
4396
3
4397
3
4398
4
4399
4
4400
4
4401
4
4402
3
4403
3
4404
4
4405
4
4406
4
4407
4
4408
3
4409
3
4410
4
4411
4
4412
4
4413
4
4414
3
4415
3
4416
4
4417
4
4418
4
4419
4
4420
3
4421
3
4422
4
4423
4
4424
4
4425
4
4426
3
4427
3
4428
4
4429
4
4430
4
4431
4
4432
3
4433
3
4434
4
4435
3
4436
2
4437
3
4438
3
4439
3
4440
4
4441
3
4442
3
4443
3
4444
3
4445
4
4446
3
4447
3
4448
3
4449
3
4450
4
4451
3
4452
3
4453
3
4454
3
4455
4
4456
3
4457
3
4458
3
4459
3
4460
4
4461
3
4462
3
4463
3
4464
3
4465
4
4466
3
4467
3
4468
3
4469
3
4470
4
4471
3
4472
3
4473
3
4474
3
4475
4
4476
3
4477
3
4478
3
4479
3
4480
4
4481
3
4482
3
4483
3
4484
3
4485
4
4486
3
4487
3
4488
3
4489
3
4490
4
4491
3
4492
3
4493
3
4494
3
4495
4
4496
3
4497
3
4498
3
4499
3
4500
4
4501
3
4502
3
4503
3
4504
3
4505
4
4506
3
4507
3
4508
3
4509
3
4510
4
4511
3
4512
3
4513
3
4514
3
4515
4
4516
3
4517
3
4518
3
4519
3
4520
4
4521
3
4522
3
4523
3
4524
3
4525
4
4526
3
4527
3
4528
3
4529
3
4530
4
4531
3
4532
3
4533
3
4534
3
4535
4
4536
3
4537
3
4538
3
4539
3
4540
4
4541
3
4542
3
4543
3
4544
3
4545
4
4546
3
4547
3
4548
3
4549
3
4550
4
4551
3
4552
3
4553
3
4554
3
4555
4
4556
3
4557
2
4558
3
4559
4
4560
4
4561
4
4562
4
4563
3
4564
3
4565
4
4566
4
4567
4
4568
4
4569
3
4570
3
4571
4
4572
4
4573
4
4574
4
4575
3
4576
3
4577
4
4578
4
4579
4
4580
4
4581
3
4582
3
4583
4
4584
4
4585
4
4586
4
4587
3
4588
3
4589
4
4590
4
4591
4
4592
4
4593
3
4594
3
4595
4
4596
4
4597
4
4598
4
4599
3
4600
3
4601
4
4602
4
4603
4
4604
4
4605
3
4606
3
4607
4
4608
4
4609
4
4610
4
4611
3
4612
3
4613
4
4614
4
4615
4
4616
4
4617
3
4618
3
4619
4
4620
4
4621
4
4622
4
4623
3
4624
3
4625
4
4626
4
4627
4
4628
4
4629
3
4630
3
4631
4
4632
4
4633
4
4634
4
4635
3
4636
3
4637
4
4638
4
4639
4
4640
4
4641
3
4642
3
4643
4
4644
4
4645
4
4646
4
4647
3
4648
3
4649
4
4650
4
4651
4
4652
4
4653
3
4654
3
4655
4
4656
4
4657
4
4658
4
4659
3
4660
3
4661
4
4662
4
4663
4
4664
4
4665
3
4666
3
4667
4
4668
4
4669
4
4670
4
4671
3
4672
3
4673
4
4674
4
4675
4
4676
4
4677
3
4678
3
4679
4
4680
4
4681
4
4682
4
4683
3
4684
3
4685
4
4686
4
4687
4
4688
4
4689
3
4690
3
4691
4
4692
4
4693
4
4694
4
4695
3
4696
3
4697
4
4698
4
4699
4
4700
4
4701
3
4702
3
4703
4
4704
4
4705
4
4706
4
4707
3
4708
3
4709
4
4710
4
4711
4
4712
4
4713
3
4714
3
4715
4
4716
4
4717
4
4718
4
4719
3
4720
3
4721
4
4722
4
4723
4
4724
4
4725
3
4726
3
4727
4
4728
4
4729
4
4730
4
4731
3
4732
3
4733
4
4734
4
4735
4
4736
4
4737
3
4738
3
4739
4
4740
4
4741
4
4742
4
4743
3
4744
3
4745
4
4746
4
4747
4
4748
4
4749
3
4750
3
4751
4
4752
4
4753
4
4754
4
4755
3
4756
3
4757
4
4758
4
4759
4
4760
4
4761
3
4762
3
4763
4
4764
4
4765
4
4766
4
4767
3
4768
3
4769
4
4770
4
4771
4
4772
4
4773
3
4774
3
4775
4
4776
4
4777
4
4778
4
4779
3
4780
3
4781
4
4782
4
4783
4
4784
4
4785
3
4786
3
4787
4
4788
4
4789
4
4790
4
4791
3
4792
3
4793
4
4794
4
4795
4
4796
4
4797
3
4798
3
4799
4
4800
4
4801
4
4802
4
4803
3
4804
3
4805
4
4806
4
4807
4
4808
4
4809
3
4810
3
4811
4
4812
4
4813
4
4814
4
4815
3
4816
3
4817
4
4818
4
4819
4
4820
4
4821
3
4822
3
4823
4
4824
4
4825
4
4826
4
4827
3
4828
3
4829
4
4830
4
4831
4
4832
4
4833
3
4834
3
4835
4
4836
4
4837
4
4838
4
4839
3
4840
3
4841
4
4842
4
4843
4
4844
4
4845
3
4846
2
4847
3
4848
3
4849
3
4850
4
4851
3
4852
3
4853
3
4854
3
4855
4
4856
3
4857
3
4858
3
4859
3
4860
4
4861
3
4862
3
4863
3
4864
3
4865
4
4866
3
4867
3
4868
3
4869
3
4870
4
4871
3
4872
3
4873
3
4874
3
4875
4
4876
3
4877
3
4878
3
4879
3
4880
4
4881
3
4882
3
4883
3
4884
3
4885
4
4886
3
4887
3
4888
3
4889
3
4890
4
4891
3
4892
3
4893
3
4894
3
4895
4
4896
3
4897
3
4898
3
4899
3
4900
4
4901
3
4902
3
4903
3
4904
3
4905
4
4906
3
4907
3
4908
3
4909
3
4910
4
4911
3
4912
3
4913
3
4914
3
4915
4
4916
3
4917
3
4918
3
4919
3
4920
4
4921
3
4922
3
4923
3
4924
3
4925
4
4926
3
4927
3
4928
3
4929
3
4930
4
4931
3
4932
3
4933
3
4934
3
4935
4
4936
3
4937
3
4938
3
4939
3
4940
4
4941
3
4942
3
4943
3
4944
3
4945
4
4946
3
4947
3
4948
3
4949
3
4950
4
4951
3
4952
3
4953
3
4954
3
4955
4
4956
3
4957
3
4958
3
4959
3
4960
4
4961
3
4962
3
4963
3
4964
3
4965
4
4966
3
4967
2
4968
3
4969
4
4970
4
4971
4
4972
3
4973
3
4974
4
4975
4
4976
4
4977
4
4978
3
4979
3
4980
4
4981
4
4982
4
4983
4
4984
3
4985
3
4986
4
4987
4
4988
4
4989
4
4990
3
4991
3
4992
4
4993
4
4994
4
4995
4
4996
3
4997
3
4998
4
4999
4
5000
4
5001
4
5002
3
5003
3
5004
4
5005
4
5006
4
5007
4
5008
3
5009
3
5010
4
5011
4
5012
4
5013
4
5014
3
5015
3
5016
4
5017
4
5018
4
5019
4
5020
3
5021
3
5022
4
5023
4
5024
4
5025
4
5026
3
5027
3
5028
4
5029
4
5030
4
5031
4
5032
3
5033
3
5034
4
5035
4
5036
4
5037
4
5038
3
5039
3
5040
4
5041
3
5042
3
5043
4
5044
4
5045
4
5046
3
5047
3
5048
4
5049
4
5050
4
5051
4
5052
3
5053
3
5054
4
5055
4
5056
4
5057
4
5058
3
5059
3
5060
4
5061
4
5062
4
5063
4
5064
3
5065
3
5066
4
5067
4
5068
4
5069
4
5070
3
5071
3
5072
4
5073
4
5074
4
5075
4
5076
3
5077
3
5078
4
5079
4
5080
4
5081
4
5082
3
5083
3
5084
4
5085
4
5086
4
5087
4
5088
3
5089
3
5090
4
5091
4
5092
4
5093
4
5094
3
5095
3
5096
4
5097
4
5098
4
5099
4
5100
3
5101
3
5102
4
5103
4
5104
4
5105
4
5106
3
5107
3
5108
4
5109
4
5110
4
5111
4
5112
3
5113
3
5114
4
5115
3
5116
3
5117
4
5118
4
5119
4
5120
3
5121
3
5122
4
5123
4
5124
4
5125
4
5126
3
5127
3
5128
4
5129
4
5130
4
5131
4
5132
3
5133
3
5134
4
5135
4
5136
4
5137
4
5138
3
5139
3
5140
4
5141
4
5142
4
5143
4
5144
3
5145
3
5146
4
5147
4
5148
4
5149
4
5150
3
5151
3
5152
4
5153
4
5154
4
5155
4
5156
3
5157
3
5158
4
5159
4
5160
4
5161
4
5162
3
5163
3
5164
4
5165
4
5166
4
5167
4
5168
3
5169
3
5170
4
5171
4
5172
4
5173
4
5174
3
5175
3
5176
4
5177
4
5178
4
5179
4
5180
3
5181
3
5182
4
5183
4
5184
4
5185
4
5186
3
5187
3
5188
4
5189
3
5190
3
5191
4
5192
4
5193
4
5194
3
5195
3
5196
4
5197
4
5198
4
5199
4
5200
3
5201
3
5202
4
5203
4
5204
4
5205
4
5206
3
5207
3
5208
4
5209
4
5210
4
5211
4
5212
3
5213
3
5214
4
5215
4
5216
4
5217
4
5218
3
5219
3
5220
4
5221
4
5222
4
5223
4
5224
3
5225
3
5226
4
5227
4
5228
4
5229
4
5230
3
5231
3
5232
4
5233
4
5234
4
5235
4
5236
3
5237
3
5238
4
5239
4
5240
4
5241
4
5242
3
5243
3
5244
4
5245
4
5246
4
5247
4
5248
3
5249
3
5250
4
5251
4
5252
4
5253
4
5254
3
5255
3
5256
4
5257
4
5258
4
5259
4
5260
3
5261
3
5262
4
5263
3
5264
2
5265
3
5266
3
5267
3
5268
4
5269
3
5270
3
5271
3
5272
3
5273
4
5274
3
5275
3
5276
3
5277
3
5278
4
5279
3
5280
3
5281
3
5282
3
5283
4
5284
3
5285
3
5286
3
5287
3
5288
4
5289
3
5290
3
5291
3
5292
3
5293
4
5294
3
5295
3
5296
3
5297
3
5298
4
5299
3
5300
3
5301
3
5302
3
5303
4
5304
3
5305
3
5306
3
5307
3
5308
4
5309
3
5310
3
5311
3
5312
3
5313
4
5314
3
5315
3
5316
3
5317
3
5318
4
5319
3
5320
3
5321
3
5322
3
5323
4
5324
3
5325
3
5326
3
5327
3
5328
4
5329
3
5330
3
5331
3
5332
3
5333
4
5334
3
5335
3
5336
3
5337
3
5338
4
5339
3
5340
3
5341
3
5342
3
5343
4
5344
3
5345
3
5346
3
5347
3
5348
4
5349
3
5350
3
5351
3
5352
3
5353
4
5354
3
5355
3
5356
3
5357
3
5358
4
5359
3
5360
3
5361
3
5362
3
5363
4
5364
3
5365
3
5366
3
5367
3
5368
4
5369
3
5370
3
5371
3
5372
3
5373
4
5374
3
5375
3
5376
3
5377
3
5378
4
5379
3
5380
3
5381
3
5382
3
5383
4
5384
3
5385
2
5386
3
5387
4
5388
4
5389
4
5390
4
5391
3
5392
3
5393
4
5394
4
5395
4
5396
4
5397
3
5398
3
5399
4
5400
4
5401
4
5402
4
5403
3
5404
3
5405
4
5406
4
5407
4
5408
4
5409
3
5410
3
5411
4
5412
4
5413
4
5414
4
5415
3
5416
3
5417
4
5418
4
5419
4
5420
4
5421
3
5422
3
5423
4
5424
4
5425
4
5426
4
5427
3
5428
3
5429
4
5430
4
5431
4
5432
4
5433
3
5434
3
5435
4
5436
4
5437
4
5438
4
5439
3
5440
3
5441
4
5442
4
5443
4
5444
4
5445
3
5446
3
5447
4
5448
4
5449
4
5450
4
5451
3
5452
3
5453
4
5454
4
5455
4
5456
4
5457
3
5458
3
5459
4
5460
4
5461
4
5462
4
5463
3
5464
3
5465
4
5466
4
5467
4
5468
4
5469
3
5470
3
5471
4
5472
4
5473
4
5474
4
5475
3
5476
3
5477
4
5478
4
5479
4
5480
4
5481
3
5482
3
5483
4
5484
4
5485
4
5486
4
5487
3
5488
3
5489
4
5490
4
5491
4
5492
4
5493
3
5494
3
5495
4
5496
4
5497
4
5498
4
5499
3
5500
3
5501
4
5502
4
5503
4
5504
4
5505
3
5506
3
5507
4
5508
4
5509
4
5510
4
5511
3
5512
3
5513
4
5514
4
5515
4
5516
4
5517
3
5518
3
5519
4
5520
4
5521
4
5522
4
5523
3
5524
3
5525
4
5526
4
5527
4
5528
4
5529
3
5530
3
5531
4
5532
4
5533
4
5534
4
5535
3
5536
3
5537
4
5538
4
5539
4
5540
4
5541
3
5542
3
5543
4
5544
4
5545
4
5546
4
5547
3
5548
3
5549
4
5550
4
5551
4
5552
4
5553
3
5554
3
5555
4
5556
4
5557
4
5558
4
5559
3
5560
3
5561
4
5562
4
5563
4
5564
4
5565
3
5566
3
5567
4
5568
4
5569
4
5570
4
5571
3
5572
3
5573
4
5574
4
5575
4
5576
4
5577
3
5578
3
5579
4
5580
4
5581
4
5582
4
5583
3
5584
3
5585
4
5586
4
5587
4
5588
4
5589
3
5590
3
5591
4
5592
4
5593
4
5594
4
5595
3
5596
3
5597
4
5598
4
5599
4
5600
4
5601
3
5602
3
5603
4
5604
4
5605
4
5606
4
5607
3
5608
3
5609
4
5610
4
5611
4
5612
4
5613
3
5614
3
5615
4
5616
4
5617
4
5618
4
5619
3
5620
3
5621
4
5622
4
5623
4
5624
4
5625
3
5626
3
5627
4
5628
4
5629
4
5630
4
5631
3
5632
3
5633
4
5634
4
5635
4
5636
4
5637
3
5638
3
5639
4
5640
4
5641
4
5642
4
5643
3
5644
3
5645
4
5646
4
5647
4
5648
4
5649
3
5650
3
5651
4
5652
4
5653
4
5654
4
5655
3
5656
3
5657
4
5658
4
5659
4
5660
4
5661
3
5662
3
5663
4
5664
4
5665
4
5666
4
5667
3
5668
3
5669
4
5670
4
5671
4
5672
4
5673
3
5674
2
5675
3
5676
3
5677
3
5678
4
5679
3
5680
3
5681
3
5682
3
5683
4
5684
3
5685
3
5686
3
5687
3
5688
4
5689
3
5690
3
5691
3
5692
3
5693
4
5694
3
5695
3
5696
3
5697
3
5698
4
5699
3
5700
3
5701
3
5702
3
5703
4
5704
3
5705
3
5706
3
5707
3
5708
4
5709
3
5710
3
5711
3
5712
3
5713
4
5714
3
5715
3
5716
3
5717
3
5718
4
5719
3
5720
3
5721
3
5722
3
5723
4
5724
3
5725
3
5726
3
5727
3
5728
4
5729
3
5730
3
5731
3
5732
3
5733
4
5734
3
5735
3
5736
3
5737
3
5738
4
5739
3
5740
3
5741
3
5742
3
5743
4
5744
3
5745
3
5746
3
5747
3
5748
4
5749
3
5750
3
5751
3
5752
3
5753
4
5754
3
5755
3
5756
3
5757
3
5758
4
5759
3
5760
3
5761
3
5762
3
5763
4
5764
3
5765
3
5766
3
5767
3
5768
4
5769
3
5770
3
5771
3
5772
3
5773
4
5774
3
5775
3
5776
3
5777
3
5778
4
5779
3
5780
3
5781
3
5782
3
5783
4
5784
3
5785
3
5786
3
5787
3
5788
4
5789
3
5790
3
5791
3
5792
3
5793
4
5794
3
5795
2
5796
3
5797
4
5798
4
5799
4
5800
3
5801
3
5802
4
5803
4
5804
4
5805
4
5806
3
5807
3
5808
4
5809
4
5810
4
5811
4
5812
3
5813
3
5814
4
5815
4
5816
4
5817
4
5818
3
5819
3
5820
4
5821
4
5822
4
5823
4
5824
3
5825
3
5826
4
5827
4
5828
4
5829
4
5830
3
5831
3
5832
4
5833
4
5834
4
5835
4
5836
3
5837
3
5838
4
5839
4
5840
4
5841
4
5842
3
5843
3
5844
4
5845
4
5846
4
5847
4
5848
3
5849
3
5850
4
5851
4
5852
4
5853
4
5854
3
5855
3
5856
4
5857
4
5858
4
5859
4
5860
3
5861
3
5862
4
5863
4
5864
4
5865
4
5866
3
5867
3
5868
4
5869
3
5870
3
5871
4
5872
4
5873
4
5874
3
5875
3
5876
4
5877
4
5878
4
5879
4
5880
3
5881
3
5882
4
5883
4
5884
4
5885
4
5886
3
5887
3
5888
4
5889
4
5890
4
5891
4
5892
3
5893
3
5894
4
5895
4
5896
4
5897
4
5898
3
5899
3
5900
4
5901
4
5902
4
5903
4
5904
3
5905
3
5906
4
5907
4
5908
4
5909
4
5910
3
5911
3
5912
4
5913
4
5914
4
5915
4
5916
3
5917
3
5918
4
5919
4
5920
4
5921
4
5922
3
5923
3
5924
4
5925
4
5926
4
5927
4
5928
3
5929
3
5930
4
5931
4
5932
4
5933
4
5934
3
5935
3
5936
4
5937
4
5938
4
5939
4
5940
3
5941
3
5942
4
5943
3
5944
3
5945
4
5946
4
5947
4
5948
3
5949
3
5950
4
5951
4
5952
4
5953
4
5954
3
5955
3
5956
4
5957
4
5958
4
5959
4
5960
3
5961
3
5962
4
5963
4
5964
4
5965
4
5966
3
5967
3
5968
4
5969
4
5970
4
5971
4
5972
3
5973
3
5974
4
5975
4
5976
4
5977
4
5978
3
5979
3
5980
4
5981
4
5982
4
5983
4
5984
3
5985
3
5986
4
5987
4
5988
4
5989
4
5990
3
5991
3
5992
4
5993
4
5994
4
5995
4
5996
3
5997
3
5998
4
5999
4
6000
4
6001
4
6002
3
6003
3
6004
4
6005
4
6006
4
6007
4
6008
3
6009
3
6010
4
6011
4
6012
4
6013
4
6014
3
6015
3
6016
4
6017
3
6018
3
6019
4
6020
4
6021
4
6022
3
6023
3
6024
4
6025
4
6026
4
6027
4
6028
3
6029
3
6030
4
6031
4
6032
4
6033
4
6034
3
6035
3
6036
4
6037
4
6038
4
6039
4
6040
3
6041
3
6042
4
6043
4
6044
4
6045
4
6046
3
6047
3
6048
4
6049
4
6050
4
6051
4
6052
3
6053
3
6054
4
6055
4
6056
4
6057
4
6058
3
6059
3
6060
4
6061
4
6062
4
6063
4
6064
3
6065
3
6066
4
6067
4
6068
4
6069
4
6070
3
6071
3
6072
4
6073
4
6074
4
6075
4
6076
3
6077
3
6078
4
6079
4
6080
4
6081
4
6082
3
6083
3
6084
4
6085
4
6086
4
6087
4
6088
3
6089
3
6090
4
6091
3
6092
2
6093
3
6094
3
6095
3
6096
4
6097
3
6098
3
6099
3
6100
3
6101
4
6102
3
6103
3
6104
3
6105
3
6106
4
6107
3
6108
3
6109
3
6110
3
6111
4
6112
3
6113
3
6114
3
6115
3
6116
4
6117
3
6118
3
6119
3
6120
3
6121
4
6122
3
6123
3
6124
3
6125
3
6126
4
6127
3
6128
3
6129
3
6130
3
6131
4
6132
3
6133
3
6134
3
6135
3
6136
4
6137
3
6138
3
6139
3
6140
3
6141
4
6142
3
6143
3
6144
3
6145
3
6146
4
6147
3
6148
3
6149
3
6150
3
6151
4
6152
3
6153
3
6154
3
6155
3
6156
4
6157
3
6158
3
6159
3
6160
3
6161
4
6162
3
6163
3
6164
3
6165
3
6166
4
6167
3
6168
3
6169
3
6170
3
6171
4
6172
3
6173
3
6174
3
6175
3
6176
4
6177
3
6178
3
6179
3
6180
3
6181
4
6182
3
6183
3
6184
3
6185
3
6186
4
6187
3
6188
3
6189
3
6190
3
6191
4
6192
3
6193
3
6194
3
6195
3
6196
4
6197
3
6198
3
6199
3
6200
3
6201
4
6202
3
6203
3
6204
3
6205
3
6206
4
6207
3
6208
3
6209
3
6210
3
6211
4
6212
3
6213
2
6214
3
6215
4
6216
4
6217
4
6218
4
6219
3
6220
3
6221
4
6222
4
6223
4
6224
4
6225
3
6226
3
6227
4
6228
4
6229
4
6230
4
6231
3
6232
3
6233
4
6234
4
6235
4
6236
4
6237
3
6238
3
6239
4
6240
4
6241
4
6242
4
6243
3
6244
3
6245
4
6246
4
6247
4
6248
4
6249
3
6250
3
6251
4
6252
4
6253
4
6254
4
6255
3
6256
3
6257
4
6258
4
6259
4
6260
4
6261
3
6262
3
6263
4
6264
4
6265
4
6266
4
6267
3
6268
3
6269
4
6270
4
6271
4
6272
4
6273
3
6274
3
6275
4
6276
4
6277
4
6278
4
6279
3
6280
3
6281
4
6282
4
6283
4
6284
4
6285
3
6286
3
6287
4
6288
4
6289
4
6290
4
6291
3
6292
3
6293
4
6294
4
6295
4
6296
4
6297
3
6298
3
6299
4
6300
4
6301
4
6302
4
6303
3
6304
3
6305
4
6306
4
6307
4
6308
4
6309
3
6310
3
6311
4
6312
4
6313
4
6314
4
6315
3
6316
3
6317
4
6318
4
6319
4
6320
4
6321
3
6322
3
6323
4
6324
4
6325
4
6326
4
6327
3
6328
3
6329
4
6330
4
6331
4
6332
4
6333
3
6334
3
6335
4
6336
4
6337
4
6338
4
6339
3
6340
3
6341
4
6342
4
6343
4
6344
4
6345
3
6346
3
6347
4
6348
4
6349
4
6350
4
6351
3
6352
3
6353
4
6354
4
6355
4
6356
4
6357
3
6358
3
6359
4
6360
4
6361
4
6362
4
6363
3
6364
3
6365
4
6366
4
6367
4
6368
4
6369
3
6370
3
6371
4
6372
4
6373
4
6374
4
6375
3
6376
3
6377
4
6378
4
6379
4
6380
4
6381
3
6382
3
6383
4
6384
4
6385
4
6386
4
6387
3
6388
3
6389
4
6390
4
6391
4
6392
4
6393
3
6394
3
6395
4
6396
4
6397
4
6398
4
6399
3
6400
3
6401
4
6402
4
6403
4
6404
4
6405
3
6406
3
6407
4
6408
4
6409
4
6410
4
6411
3
6412
3
6413
4
6414
4
6415
4
6416
4
6417
3
6418
3
6419
4
6420
4
6421
4
6422
4
6423
3
6424
3
6425
4
6426
4
6427
4
6428
4
6429
3
6430
3
6431
4
6432
4
6433
4
6434
4
6435
3
6436
3
6437
4
6438
4
6439
4
6440
4
6441
3
6442
3
6443
4
6444
4
6445
4
6446
4
6447
3
6448
3
6449
4
6450
4
6451
4
6452
4
6453
3
6454
3
6455
4
6456
4
6457
4
6458
4
6459
3
6460
3
6461
4
6462
4
6463
4
6464
4
6465
3
6466
3
6467
4
6468
4
6469
4
6470
4
6471
3
6472
3
6473
4
6474
4
6475
4
6476
4
6477
3
6478
3
6479
4
6480
4
6481
4
6482
4
6483
3
6484
3
6485
4
6486
4
6487
4
6488
4
6489
3
6490
3
6491
4
6492
4
6493
4
6494
4
6495
3
6496
3
6497
4
6498
4
6499
4
6500
4
6501
3
6502
2
6503
3
6504
3
6505
3
6506
4
6507
3
6508
3
6509
3
6510
3
6511
4
6512
3
6513
3
6514
3
6515
3
6516
4
6517
3
6518
3
6519
3
6520
3
6521
4
6522
3
6523
3
6524
3
6525
3
6526
4
6527
3
6528
3
6529
3
6530
3
6531
4
6532
3
6533
3
6534
3
6535
3
6536
4
6537
3
6538
3
6539
3
6540
3
6541
4
6542
3
6543
3
6544
3
6545
3
6546
4
6547
3
6548
3
6549
3
6550
3
6551
4
6552
3
6553
3
6554
3
6555
3
6556
4
6557
3
6558
3
6559
3
6560
3
6561
4
6562
3
6563
3
6564
3
6565
3
6566
4
6567
3
6568
3
6569
3
6570
3
6571
4
6572
3
6573
3
6574
3
6575
3
6576
4
6577
3
6578
3
6579
3
6580
3
6581
4
6582
3
6583
3
6584
3
6585
3
6586
4
6587
3
6588
3
6589
3
6590
3
6591
4
6592
3
6593
3
6594
3
6595
3
6596
4
6597
3
6598
3
6599
3
6600
3
6601
4
6602
3
6603
3
6604
3
6605
3
6606
4
6607
3
6608
3
6609
3
6610
3
6611
4
6612
3
6613
3
6614
3
6615
3
6616
4
6617
3
6618
3
6619
3
6620
3
6621
4
6622
3
6623
2
6624
3
6625
4
6626
4
6627
4
6628
3
6629
3
6630
4
6631
4
6632
4
6633
4
6634
3
6635
3
6636
4
6637
4
6638
4
6639
4
6640
3
6641
3
6642
4
6643
4
6644
4
6645
4
6646
3
6647
3
6648
4
6649
4
6650
4
6651
4
6652
3
6653
3
6654
4
6655
4
6656
4
6657
4
6658
3
6659
3
6660
4
6661
4
6662
4
6663
4
6664
3
6665
3
6666
4
6667
4
6668
4
6669
4
6670
3
6671
3
6672
4
6673
4
6674
4
6675
4
6676
3
6677
3
6678
4
6679
4
6680
4
6681
4
6682
3
6683
3
6684
4
6685
4
6686
4
6687
4
6688
3
6689
3
6690
4
6691
4
6692
4
6693
4
6694
3
6695
3
6696
4
6697
3
6698
3
6699
4
6700
4
6701
4
6702
3
6703
3
6704
4
6705
4
6706
4
6707
4
6708
3
6709
3
6710
4
6711
4
6712
4
6713
4
6714
3
6715
3
6716
4
6717
4
6718
4
6719
4
6720
3
6721
3
6722
4
6723
4
6724
4
6725
4
6726
3
6727
3
6728
4
6729
4
6730
4
6731
4
6732
3
6733
3
6734
4
6735
4
6736
4
6737
4
6738
3
6739
3
6740
4
6741
4
6742
4
6743
4
6744
3
6745
3
6746
4
6747
4
6748
4
6749
4
6750
3
6751
3
6752
4
6753
4
6754
4
6755
4
6756
3
6757
3
6758
4
6759
4
6760
4
6761
4
6762
3
6763
3
6764
4
6765
4
6766
4
6767
4
6768
3
6769
3
6770
4
6771
3
6772
3
6773
4
6774
4
6775
4
6776
3
6777
3
6778
4
6779
4
6780
4
6781
4
6782
3
6783
3
6784
4
6785
4
6786
4
6787
4
6788
3
6789
3
6790
4
6791
4
6792
4
6793
4
6794
3
6795
3
6796
4
6797
4
6798
4
6799
4
6800
3
6801
3
6802
4
6803
4
6804
4
6805
4
6806
3
6807
3
6808
4
6809
4
6810
4
6811
4
6812
3
6813
3
6814
4
6815
4
6816
4
6817
4
6818
3
6819
3
6820
4
6821
4
6822
4
6823
4
6824
3
6825
3
6826
4
6827
4
6828
4
6829
4
6830
3
6831
3
6832
4
6833
4
6834
4
6835
4
6836
3
6837
3
6838
4
6839
4
6840
4
6841
4
6842
3
6843
3
6844
4
6845
3
6846
3
6847
4
6848
4
6849
4
6850
3
6851
3
6852
4
6853
4
6854
4
6855
4
6856
3
6857
3
6858
4
6859
4
6860
4
6861
4
6862
3
6863
3
6864
4
6865
4
6866
4
6867
4
6868
3
6869
3
6870
4
6871
4
6872
4
6873
4
6874
3
6875
3
6876
4
6877
4
6878
4
6879
4
6880
3
6881
3
6882
4
6883
4
6884
4
6885
4
6886
3
6887
3
6888
4
6889
4
6890
4
6891
4
6892
3
6893
3
6894
4
6895
4
6896
4
6897
4
6898
3
6899
3
6900
4
6901
4
6902
4
6903
4
6904
3
6905
3
6906
4
6907
4
6908
4
6909
4
6910
3
6911
3
6912
4
6913
4
6914
4
6915
4
6916
3
6917
3
6918
4
6919
3
6920
2
6921
3
6922
3
6923
3
6924
4
6925
3
6926
3
6927
3
6928
3
6929
4
6930
3
6931
3
6932
3
6933
3
6934
4
6935
3
6936
3
6937
3
6938
3
6939
4
6940
3
6941
3
6942
3
6943
3
6944
4
6945
3
6946
3
6947
3
6948
3
6949
4
6950
3
6951
3
6952
3
6953
3
6954
4
6955
3
6956
3
6957
3
6958
3
6959
4
6960
3
6961
3
6962
3
6963
3
6964
4
6965
3
6966
3
6967
3
6968
3
6969
4
6970
3
6971
3
6972
3
6973
3
6974
4
6975
3
6976
3
6977
3
6978
3
6979
4
6980
3
6981
3
6982
3
6983
3
6984
4
6985
3
6986
3
6987
3
6988
3
6989
4
6990
3
6991
3
6992
3
6993
3
6994
4
6995
3
6996
3
6997
3
6998
3
6999
4
7000
3
7001
3
7002
3
7003
3
7004
4
7005
3
7006
3
7007
3
7008
3
7009
4
7010
3
7011
3
7012
3
7013
3
7014
4
7015
3
7016
3
7017
3
7018
3
7019
4
7020
3
7021
3
7022
3
7023
3
7024
4
7025
3
7026
3
7027
3
7028
3
7029
4
7030
3
7031
3
7032
3
7033
3
7034
4
7035
3
7036
3
7037
3
7038
3
7039
4
7040
3
7041
2
7042
3
7043
4
7044
4
7045
4
7046
4
7047
3
7048
3
7049
4
7050
4
7051
4
7052
4
7053
3
7054
3
7055
4
7056
4
7057
4
7058
4
7059
3
7060
3
7061
4
7062
4
7063
4
7064
4
7065
3
7066
3
7067
4
7068
4
7069
4
7070
4
7071
3
7072
3
7073
4
7074
4
7075
4
7076
4
7077
3
7078
3
7079
4
7080
4
7081
4
7082
4
7083
3
7084
3
7085
4
7086
4
7087
4
7088
4
7089
3
7090
3
7091
4
7092
4
7093
4
7094
4
7095
3
7096
3
7097
4
7098
4
7099
4
7100
4
7101
3
7102
3
7103
4
7104
4
7105
4
7106
4
7107
3
7108
3
7109
4
7110
4
7111
4
7112
4
7113
3
7114
3
7115
4
7116
4
7117
4
7118
4
7119
3
7120
3
7121
4
7122
4
7123
4
7124
4
7125
3
7126
3
7127
4
7128
4
7129
4
7130
4
7131
3
7132
3
7133
4
7134
4
7135
4
7136
4
7137
3
7138
3
7139
4
7140
4
7141
4
7142
4
7143
3
7144
3
7145
4
7146
4
7147
4
7148
4
7149
3
7150
3
7151
4
7152
4
7153
4
7154
4
7155
3
7156
3
7157
4
7158
4
7159
4
7160
4
7161
3
7162
3
7163
4
7164
4
7165
4
7166
4
7167
3
7168
3
7169
4
7170
4
7171
4
7172
4
7173
3
7174
3
7175
4
7176
4
7177
4
7178
4
7179
3
7180
3
7181
4
7182
4
7183
4
7184
4
7185
3
7186
3
7187
4
7188
4
7189
4
7190
4
7191
3
7192
3
7193
4
7194
4
7195
4
7196
4
7197
3
7198
3
7199
4
7200
4
7201
4
7202
4
7203
3
7204
3
7205
4
7206
4
7207
4
7208
4
7209
3
7210
3
7211
4
7212
4
7213
4
7214
4
7215
3
7216
3
7217
4
7218
4
7219
4
7220
4
7221
3
7222
3
7223
4
7224
4
7225
4
7226
4
7227
3
7228
3
7229
4
7230
4
7231
4
7232
4
7233
3
7234
3
7235
4
7236
4
7237
4
7238
4
7239
3
7240
3
7241
4
7242
4
7243
4
7244
4
7245
3
7246
3
7247
4
7248
4
7249
4
7250
4
7251
3
7252
3
7253
4
7254
4
7255
4
7256
4
7257
3
7258
3
7259
4
7260
4
7261
4
7262
4
7263
3
7264
3
7265
4
7266
4
7267
4
7268
4
7269
3
7270
3
7271
4
7272
4
7273
4
7274
4
7275
3
7276
3
7277
4
7278
4
7279
4
7280
4
7281
3
7282
3
7283
4
7284
4
7285
4
7286
4
7287
3
7288
3
7289
4
7290
4
7291
4
7292
4
7293
3
7294
3
7295
4
7296
4
7297
4
7298
4
7299
3
7300
3
7301
4
7302
4
7303
4
7304
4
7305
3
7306
3
7307
4
7308
4
7309
4
7310
4
7311
3
7312
3
7313
4
7314
4
7315
4
7316
4
7317
3
7318
3
7319
4
7320
4
7321
4
7322
4
7323
3
7324
3
7325
4
7326
4
7327
4
7328
4
7329
3
7330
2
7331
3
7332
3
7333
3
7334
4
7335
3
7336
3
7337
3
7338
3
7339
4
7340
3
7341
3
7342
3
7343
3
7344
4
7345
3
7346
3
7347
3
7348
3
7349
4
7350
3
7351
3
7352
3
7353
3
7354
4
7355
3
7356
3
7357
3
7358
3
7359
4
7360
3
7361
3
7362
3
7363
3
7364
4
7365
3
7366
3
7367
3
7368
3
7369
4
7370
3
7371
3
7372
3
7373
3
7374
4
7375
3
7376
3
7377
3
7378
3
7379
4
7380
3
7381
3
7382
3
7383
3
7384
4
7385
3
7386
3
7387
3
7388
3
7389
4
7390
3
7391
3
7392
3
7393
3
7394
4
7395
3
7396
3
7397
3
7398
3
7399
4
7400
3
7401
3
7402
3
7403
3
7404
4
7405
3
7406
3
7407
3
7408
3
7409
4
7410
3
7411
3
7412
3
7413
3
7414
4
7415
3
7416
3
7417
3
7418
3
7419
4
7420
3
7421
3
7422
3
7423
3
7424
4
7425
3
7426
3
7427
3
7428
3
7429
4
7430
3
7431
3
7432
3
7433
3
7434
4
7435
3
7436
3
7437
3
7438
3
7439
4
7440
3
7441
3
7442
3
7443
3
7444
4
7445
3
7446
3
7447
3
7448
3
7449
4
7450
3
7451
2
7452
3
7453
4
7454
4
7455
4
7456
3
7457
3
7458
4
7459
4
7460
4
7461
4
7462
3
7463
3
7464
4
7465
4
7466
4
7467
4
7468
3
7469
3
7470
4
7471
4
7472
4
7473
4
7474
3
7475
3
7476
4
7477
4
7478
4
7479
4
7480
3
7481
3
7482
4
7483
4
7484
4
7485
4
7486
3
7487
3
7488
4
7489
4
7490
4
7491
4
7492
3
7493
3
7494
4
7495
4
7496
4
7497
4
7498
3
7499
3
7500
4
7501
4
7502
4
7503
4
7504
3
7505
3
7506
4
7507
4
7508
4
7509
4
7510
3
7511
3
7512
4
7513
4
7514
4
7515
4
7516
3
7517
3
7518
4
7519
4
7520
4
7521
4
7522
3
7523
3
7524
4
7525
3
7526
3
7527
4
7528
4
7529
4
7530
3
7531
3
7532
4
7533
4
7534
4
7535
4
7536
3
7537
3
7538
4
7539
4
7540
4
7541
4
7542
3
7543
3
7544
4
7545
4
7546
4
7547
4
7548
3
7549
3
7550
4
7551
4
7552
4
7553
4
7554
3
7555
3
7556
4
7557
4
7558
4
7559
4
7560
3
7561
3
7562
4
7563
4
7564
4
7565
4
7566
3
7567
3
7568
4
7569
4
7570
4
7571
4
7572
3
7573
3
7574
4
7575
4
7576
4
7577
4
7578
3
7579
3
7580
4
7581
4
7582
4
7583
4
7584
3
7585
3
7586
4
7587
4
7588
4
7589
4
7590
3
7591
3
7592
4
7593
4
7594
4
7595
4
7596
3
7597
3
7598
4
7599
3
7600
3
7601
4
7602
4
7603
4
7604
3
7605
3
7606
4
7607
4
7608
4
7609
4
7610
3
7611
3
7612
4
7613
4
7614
4
7615
4
7616
3
7617
3
7618
4
7619
4
7620
4
7621
4
7622
3
7623
3
7624
4
7625
4
7626
4
7627
4
7628
3
7629
3
7630
4
7631
4
7632
4
7633
4
7634
3
7635
3
7636
4
7637
4
7638
4
7639
4
7640
3
7641
3
7642
4
7643
4
7644
4
7645
4
7646
3
7647
3
7648
4
7649
4
7650
4
7651
4
7652
3
7653
3
7654
4
7655
4
7656
4
7657
4
7658
3
7659
3
7660
4
7661
4
7662
4
7663
4
7664
3
7665
3
7666
4
7667
4
7668
4
7669
4
7670
3
7671
3
7672
4
7673
3
7674
3
7675
4
7676
4
7677
4
7678
3
7679
3
7680
4
7681
4
7682
4
7683
4
7684
3
7685
3
7686
4
7687
4
7688
4
7689
4
7690
3
7691
3
7692
4
7693
4
7694
4
7695
4
7696
3
7697
3
7698
4
7699
4
7700
4
7701
4
7702
3
7703
3
7704
4
7705
4
7706
4
7707
4
7708
3
7709
3
7710
4
7711
4
7712
4
7713
4
7714
3
7715
3
7716
4
7717
4
7718
4
7719
4
7720
3
7721
3
7722
4
7723
4
7724
4
7725
4
7726
3
7727
3
7728
4
7729
4
7730
4
7731
4
7732
3
7733
3
7734
4
7735
4
7736
4
7737
4
7738
3
7739
3
7740
4
7741
4
7742
4
7743
4
7744
3
7745
3
7746
4
7747
3
7748
2
7749
3
7750
3
7751
3
7752
4
7753
3
7754
3
7755
3
7756
3
7757
4
7758
3
7759
3
7760
3
7761
3
7762
4
7763
3
7764
3
7765
3
7766
3
7767
4
7768
3
7769
3
7770
3
7771
3
7772
4
7773
3
7774
3
7775
3
7776
3
7777
4
7778
3
7779
3
7780
3
7781
3
7782
4
7783
3
7784
3
7785
3
7786
3
7787
4
7788
3
7789
3
7790
3
7791
3
7792
4
7793
3
7794
3
7795
3
7796
3
7797
4
7798
3
7799
3
7800
3
7801
3
7802
4
7803
3
7804
3
7805
3
7806
3
7807
4
7808
3
7809
3
7810
3
7811
3
7812
4
7813
3
7814
3
7815
3
7816
3
7817
4
7818
3
7819
3
7820
3
7821
3
7822
4
7823
3
7824
3
7825
3
7826
3
7827
4
7828
3
7829
3
7830
3
7831
3
7832
4
7833
3
7834
3
7835
3
7836
3
7837
4
7838
3
7839
3
7840
3
7841
3
7842
4
7843
3
7844
3
7845
3
7846
3
7847
4
7848
3
7849
3
7850
3
7851
3
7852
4
7853
3
7854
3
7855
3
7856
3
7857
4
7858
3
7859
3
7860
3
7861
3
7862
4
7863
3
7864
3
7865
3
7866
3
7867
4
7868
3
7869
2
7870
3
7871
4
7872
4
7873
4
7874
4
7875
3
7876
3
7877
4
7878
4
7879
4
7880
4
7881
3
7882
3
7883
4
7884
4
7885
4
7886
4
7887
3
7888
3
7889
4
7890
4
7891
4
7892
4
7893
3
7894
3
7895
4
7896
4
7897
4
7898
4
7899
3
7900
3
7901
4
7902
4
7903
4
7904
4
7905
3
7906
3
7907
4
7908
4
7909
4
7910
4
7911
3
7912
3
7913
4
7914
4
7915
4
7916
4
7917
3
7918
3
7919
4
7920
4
7921
4
7922
4
7923
3
7924
3
7925
4
7926
4
7927
4
7928
4
7929
3
7930
3
7931
4
7932
4
7933
4
7934
4
7935
3
7936
3
7937
4
7938
4
7939
4
7940
4
7941
3
7942
3
7943
4
7944
4
7945
4
7946
4
7947
3
7948
3
7949
4
7950
4
7951
4
7952
4
7953
3
7954
3
7955
4
7956
4
7957
4
7958
4
7959
3
7960
3
7961
4
7962
4
7963
4
7964
4
7965
3
7966
3
7967
4
7968
4
7969
4
7970
4
7971
3
7972
3
7973
4
7974
4
7975
4
7976
4
7977
3
7978
3
7979
4
7980
4
7981
4
7982
4
7983
3
7984
3
7985
4
7986
4
7987
4
7988
4
7989
3
7990
3
7991
4
7992
4
7993
4
7994
4
7995
3
7996
3
7997
4
7998
4
7999
4
8000
4
8001
3
8002
3
8003
4
8004
4
8005
4
8006
4
8007
3
8008
3
8009
4
8010
4
8011
4
8012
4
8013
3
8014
3
8015
4
8016
4
8017
4
8018
4
8019
3
8020
3
8021
4
8022
4
8023
4
8024
4
8025
3
8026
3
8027
4
8028
4
8029
4
8030
4
8031
3
8032
3
8033
4
8034
4
8035
4
8036
4
8037
3
8038
3
8039
4
8040
4
8041
4
8042
4
8043
3
8044
3
8045
4
8046
4
8047
4
8048
4
8049
3
8050
3
8051
4
8052
4
8053
4
8054
4
8055
3
8056
3
8057
4
8058
4
8059
4
8060
4
8061
3
8062
3
8063
4
8064
4
8065
4
8066
4
8067
3
8068
3
8069
4
8070
4
8071
4
8072
4
8073
3
8074
3
8075
4
8076
4
8077
4
8078
4
8079
3
8080
3
8081
4
8082
4
8083
4
8084
4
8085
3
8086
3
8087
4
8088
4
8089
4
8090
4
8091
3
8092
3
8093
4
8094
4
8095
4
8096
4
8097
3
8098
3
8099
4
8100
4
8101
4
8102
4
8103
3
8104
3
8105
4
8106
4
8107
4
8108
4
8109
3
8110
3
8111
4
8112
4
8113
4
8114
4
8115
3
8116
3
8117
4
8118
4
8119
4
8120
4
8121
3
8122
3
8123
4
8124
4
8125
4
8126
4
8127
3
8128
3
8129
4
8130
4
8131
4
8132
4
8133
3
8134
3
8135
4
8136
4
8137
4
8138
4
8139
3
8140
3
8141
4
8142
4
8143
4
8144
4
8145
3
8146
3
8147
4
8148
4
8149
4
8150
4
8151
3
8152
3
8153
4
8154
4
8155
4
8156
4
8157
3
8158
2
8159
3
8160
3
8161
3
8162
4
8163
3
8164
3
8165
3
8166
3
8167
4
8168
3
8169
3
8170
3
8171
3
8172
4
8173
3
8174
3
8175
3
8176
3
8177
4
8178
3
8179
3
8180
3
8181
3
8182
4
8183
3
8184
3
8185
3
8186
3
8187
4
8188
3
8189
3
8190
3
8191
3
8192
4
8193
3
8194
3
8195
3
8196
3
8197
4
8198
3
8199
3
8200
3
8201
3
8202
4
8203
3
8204
3
8205
3
8206
3
8207
4
8208
3
8209
3
8210
3
8211
3
8212
4
8213
3
8214
3
8215
3
8216
3
8217
4
8218
3
8219
3
8220
3
8221
3
8222
4
8223
3
8224
3
8225
3
8226
3
8227
4
8228
3
8229
3
8230
3
8231
3
8232
4
8233
3
8234
3
8235
3
8236
3
8237
4
8238
3
8239
3
8240
3
8241
3
8242
4
8243
3
8244
3
8245
3
8246
3
8247
4
8248
3
8249
3
8250
3
8251
3
8252
4
8253
3
8254
3
8255
3
8256
3
8257
4
8258
3
8259
3
8260
3
8261
3
8262
4
8263
3
8264
3
8265
3
8266
3
8267
4
8268
3
8269
3
8270
3
8271
3
8272
4
8273
3
8274
3
8275
3
8276
3
8277
4
8278
3
8279
2
8280
3
8281
4
8282
4
8283
4
8284
3
8285
3
8286
4
8287
4
8288
4
8289
4
8290
3
8291
3
8292
4
8293
4
8294
4
8295
4
8296
3
8297
3
8298
4
8299
4
8300
4
8301
4
8302
3
8303
3
8304
4
8305
4
8306
4
8307
4
8308
3
8309
3
8310
4
8311
4
8312
4
8313
4
8314
3
8315
3
8316
4
8317
4
8318
4
8319
4
8320
3
8321
3
8322
4
8323
4
8324
4
8325
4
8326
3
8327
3
8328
4
8329
4
8330
4
8331
4
8332
3
8333
3
8334
4
8335
4
8336
4
8337
4
8338
3
8339
3
8340
4
8341
4
8342
4
8343
4
8344
3
8345
3
8346
4
8347
4
8348
4
8349
4
8350
3
8351
3
8352
4
8353
3
8354
3
8355
4
8356
4
8357
4
8358
3
8359
3
8360
4
8361
4
8362
4
8363
4
8364
3
8365
3
8366
4
8367
4
8368
4
8369
4
8370
3
8371
3
8372
4
8373
4
8374
4
8375
4
8376
3
8377
3
8378
4
8379
4
8380
4
8381
4
8382
3
8383
3
8384
4
8385
4
8386
4
8387
4
8388
3
8389
3
8390
4
8391
4
8392
4
8393
4
8394
3
8395
3
8396
4
8397
4
8398
4
8399
4
8400
3
8401
3
8402
4
8403
4
8404
4
8405
4
8406
3
8407
3
8408
4
8409
4
8410
4
8411
4
8412
3
8413
3
8414
4
8415
4
8416
4
8417
4
8418
3
8419
3
8420
4
8421
4
8422
4
8423
4
8424
3
8425
3
8426
4
8427
3
8428
3
8429
4
8430
4
8431
4
8432
3
8433
3
8434
4
8435
4
8436
4
8437
4
8438
3
8439
3
8440
4
8441
4
8442
4
8443
4
8444
3
8445
3
8446
4
8447
4
8448
4
8449
4
8450
3
8451
3
8452
4
8453
4
8454
4
8455
4
8456
3
8457
3
8458
4
8459
4
8460
4
8461
4
8462
3
8463
3
8464
4
8465
4
8466
4
8467
4
8468
3
8469
3
8470
4
8471
4
8472
4
8473
4
8474
3
8475
3
8476
4
8477
4
8478
4
8479
4
8480
3
8481
3
8482
4
8483
4
8484
4
8485
4
8486
3
8487
3
8488
4
8489
4
8490
4
8491
4
8492
3
8493
3
8494
4
8495
4
8496
4
8497
4
8498
3
8499
3
8500
4
8501
3
8502
3
8503
4
8504
4
8505
4
8506
3
8507
3
8508
4
8509
4
8510
4
8511
4
8512
3
8513
3
8514
4
8515
4
8516
4
8517
4
8518
3
8519
3
8520
4
8521
4
8522
4
8523
4
8524
3
8525
3
8526
4
8527
4
8528
4
8529
4
8530
3
8531
3
8532
4
8533
4
8534
4
8535
4
8536
3
8537
3
8538
4
8539
4
8540
4
8541
4
8542
3
8543
3
8544
4
8545
4
8546
4
8547
4
8548
3
8549
3
8550
4
8551
4
8552
4
8553
4
8554
3
8555
3
8556
4
8557
4
8558
4
8559
4
8560
3
8561
3
8562
4
8563
4
8564
4
8565
4
8566
3
8567
3
8568
4
8569
4
8570
4
8571
4
8572
3
8573
3
8574
4
8575
3
8576
2
8577
3
8578
3
8579
3
8580
4
8581
3
8582
3
8583
3
8584
3
8585
4
8586
3
8587
3
8588
3
8589
3
8590
4
8591
3
8592
3
8593
3
8594
3
8595
4
8596
3
8597
3
8598
3
8599
3
8600
4
8601
3
8602
3
8603
3
8604
3
8605
4
8606
3
8607
3
8608
3
8609
3
8610
4
8611
3
8612
3
8613
3
8614
3
8615
4
8616
3
8617
3
8618
3
8619
3
8620
4
8621
3
8622
3
8623
3
8624
3
8625
4
8626
3
8627
3
8628
3
8629
3
8630
4
8631
3
8632
3
8633
3
8634
3
8635
4
8636
3
8637
3
8638
3
8639
3
8640
4
8641
3
8642
3
8643
3
8644
3
8645
4
8646
3
8647
3
8648
3
8649
3
8650
4
8651
3
8652
3
8653
3
8654
3
8655
4
8656
3
8657
3
8658
3
8659
3
8660
4
8661
3
8662
3
8663
3
8664
3
8665
4
8666
3
8667
3
8668
3
8669
3
8670
4
8671
3
8672
3
8673
3
8674
3
8675
4
8676
3
8677
3
8678
3
8679
3
8680
4
8681
3
8682
3
8683
3
8684
3
8685
4
8686
3
8687
3
8688
3
8689
3
8690
4
8691
3
8692
3
8693
3
8694
3
8695
4
8696
3
8697
2
8698
3
8699
4
8700
4
8701
4
8702
4
8703
3
8704
3
8705
4
8706
4
8707
4
8708
4
8709
3
8710
3
8711
4
8712
4
8713
4
8714
4
8715
3
8716
3
8717
4
8718
4
8719
4
8720
4
8721
3
8722
3
8723
4
8724
4
8725
4
8726
4
8727
3
8728
3
8729
4
8730
4
8731
4
8732
4
8733
3
8734
3
8735
4
8736
4
8737
4
8738
4
8739
3
8740
3
8741
4
8742
4
8743
4
8744
4
8745
3
8746
3
8747
4
8748
4
8749
4
8750
4
8751
3
8752
3
8753
4
8754
4
8755
4
8756
4
8757
3
8758
3
8759
4
8760
4
8761
4
8762
4
8763
3
8764
3
8765
4
8766
4
8767
4
8768
4
8769
3
8770
3
8771
4
8772
4
8773
4
8774
4
8775
3
8776
3
8777
4
8778
4
8779
4
8780
4
8781
3
8782
3
8783
4
8784
4
8785
4
8786
4
8787
3
8788
3
8789
4
8790
4
8791
4
8792
4
8793
3
8794
3
8795
4
8796
4
8797
4
8798
4
8799
3
8800
3
8801
4
8802
4
8803
4
8804
4
8805
3
8806
3
8807
4
8808
4
8809
4
8810
4
8811
3
8812
3
8813
4
8814
4
8815
4
8816
4
8817
3
8818
3
8819
4
8820
4
8821
4
8822
4
8823
3
8824
3
8825
4
8826
4
8827
4
8828
4
8829
3
8830
3
8831
4
8832
4
8833
4
8834
4
8835
3
8836
3
8837
4
8838
4
8839
4
8840
4
8841
3
8842
3
8843
4
8844
4
8845
4
8846
4
8847
3
8848
3
8849
4
8850
4
8851
4
8852
4
8853
3
8854
3
8855
4
8856
4
8857
4
8858
4
8859
3
8860
3
8861
4
8862
4
8863
4
8864
4
8865
3
8866
3
8867
4
8868
4
8869
4
8870
4
8871
3
8872
3
8873
4
8874
4
8875
4
8876
4
8877
3
8878
3
8879
4
8880
4
8881
4
8882
4
8883
3
8884
3
8885
4
8886
4
8887
4
8888
4
8889
3
8890
3
8891
4
8892
4
8893
4
8894
4
8895
3
8896
3
8897
4
8898
4
8899
4
8900
4
8901
3
8902
3
8903
4
8904
4
8905
4
8906
4
8907
3
8908
3
8909
4
8910
4
8911
4
8912
4
8913
3
8914
3
8915
4
8916
4
8917
4
8918
4
8919
3
8920
3
8921
4
8922
4
8923
4
8924
4
8925
3
8926
3
8927
4
8928
4
8929
4
8930
4
8931
3
8932
3
8933
4
8934
4
8935
4
8936
4
8937
3
8938
3
8939
4
8940
4
8941
4
8942
4
8943
3
8944
3
8945
4
8946
4
8947
4
8948
4
8949
3
8950
3
8951
4
8952
4
8953
4
8954
4
8955
3
8956
3
8957
4
8958
4
8959
4
8960
4
8961
3
8962
3
8963
4
8964
4
8965
4
8966
4
8967
3
8968
3
8969
4
8970
4
8971
4
8972
4
8973
3
8974
3
8975
4
8976
4
8977
4
8978
4
8979
3
8980
3
8981
4
8982
4
8983
4
8984
4
8985
3
8986
2
8987
3
8988
3
8989
3
8990
4
8991
3
8992
3
8993
3
8994
3
8995
4
8996
3
8997
3
8998
3
8999
3
9000
4
9001
3
9002
3
9003
3
9004
3
9005
4
9006
3
9007
3
9008
3
9009
3
9010
4
9011
3
9012
3
9013
3
9014
3
9015
4
9016
3
9017
3
9018
3
9019
3
9020
4
9021
3
9022
3
9023
3
9024
3
9025
4
9026
3
9027
3
9028
3
9029
3
9030
4
9031
3
9032
3
9033
3
9034
3
9035
4
9036
3
9037
3
9038
3
9039
3
9040
4
9041
3
9042
3
9043
3
9044
3
9045
4
9046
3
9047
3
9048
3
9049
3
9050
4
9051
3
9052
3
9053
3
9054
3
9055
4
9056
3
9057
3
9058
3
9059
3
9060
4
9061
3
9062
3
9063
3
9064
3
9065
4
9066
3
9067
3
9068
3
9069
3
9070
4
9071
3
9072
3
9073
3
9074
3
9075
4
9076
3
9077
3
9078
3
9079
3
9080
4
9081
3
9082
3
9083
3
9084
3
9085
4
9086
3
9087
3
9088
3
9089
3
9090
4
9091
3
9092
3
9093
3
9094
3
9095
4
9096
3
9097
3
9098
3
9099
3
9100
4
9101
3
9102
3
9103
3
9104
3
9105
4
9106
3
9107
2
9108
3
9109
4
9110
4
9111
4
9112
3
9113
3
9114
4
9115
4
9116
4
9117
4
9118
3
9119
3
9120
4
9121
4
9122
4
9123
4
9124
3
9125
3
9126
4
9127
4
9128
4
9129
4
9130
3
9131
3
9132
4
9133
4
9134
4
9135
4
9136
3
9137
3
9138
4
9139
4
9140
4
9141
4
9142
3
9143
3
9144
4
9145
4
9146
4
9147
4
9148
3
9149
3
9150
4
9151
4
9152
4
9153
4
9154
3
9155
3
9156
4
9157
4
9158
4
9159
4
9160
3
9161
3
9162
4
9163
4
9164
4
9165
4
9166
3
9167
3
9168
4
9169
4
9170
4
9171
4
9172
3
9173
3
9174
4
9175
4
9176
4
9177
4
9178
3
9179
3
9180
4
9181
3
9182
3
9183
4
9184
4
9185
4
9186
3
9187
3
9188
4
9189
4
9190
4
9191
4
9192
3
9193
3
9194
4
9195
4
9196
4
9197
4
9198
3
9199
3
9200
4
9201
4
9202
4
9203
4
9204
3
9205
3
9206
4
9207
4
9208
4
9209
4
9210
3
9211
3
9212
4
9213
4
9214
4
9215
4
9216
3
9217
3
9218
4
9219
4
9220
4
9221
4
9222
3
9223
3
9224
4
9225
4
9226
4
9227
4
9228
3
9229
3
9230
4
9231
4
9232
4
9233
4
9234
3
9235
3
9236
4
9237
4
9238
4
9239
4
9240
3
9241
3
9242
4
9243
4
9244
4
9245
4
9246
3
9247
3
9248
4
9249
4
9250
4
9251
4
9252
3
9253
3
9254
4
9255
3
9256
3
9257
4
9258
4
9259
4
9260
3
9261
3
9262
4
9263
4
9264
4
9265
4
9266
3
9267
3
9268
4
9269
4
9270
4
9271
4
9272
3
9273
3
9274
4
9275
4
9276
4
9277
4
9278
3
9279
3
9280
4
9281
4
9282
4
9283
4
9284
3
9285
3
9286
4
9287
4
9288
4
9289
4
9290
3
9291
3
9292
4
9293
4
9294
4
9295
4
9296
3
9297
3
9298
4
9299
4
9300
4
9301
4
9302
3
9303
3
9304
4
9305
4
9306
4
9307
4
9308
3
9309
3
9310
4
9311
4
9312
4
9313
4
9314
3
9315
3
9316
4
9317
4
9318
4
9319
4
9320
3
9321
3
9322
4
9323
4
9324
4
9325
4
9326
3
9327
3
9328
4
9329
3
9330
3
9331
4
9332
4
9333
4
9334
3
9335
3
9336
4
9337
4
9338
4
9339
4
9340
3
9341
3
9342
4
9343
4
9344
4
9345
4
9346
3
9347
3
9348
4
9349
4
9350
4
9351
4
9352
3
9353
3
9354
4
9355
4
9356
4
9357
4
9358
3
9359
3
9360
4
9361
4
9362
4
9363
4
9364
3
9365
3
9366
4
9367
4
9368
4
9369
4
9370
3
9371
3
9372
4
9373
4
9374
4
9375
4
9376
3
9377
3
9378
4
9379
4
9380
4
9381
4
9382
3
9383
3
9384
4
9385
4
9386
4
9387
4
9388
3
9389
3
9390
4
9391
4
9392
4
9393
4
9394
3
9395
3
9396
4
9397
4
9398
4
9399
4
9400
3
9401
3
9402
4
9403
3
9404
2
9405
3
9406
3
9407
3
9408
4
9409
3
9410
3
9411
3
9412
3
9413
4
9414
3
9415
3
9416
3
9417
3
9418
4
9419
3
9420
3
9421
3
9422
3
9423
4
9424
3
9425
3
9426
3
9427
3
9428
4
9429
3
9430
3
9431
3
9432
3
9433
4
9434
3
9435
3
9436
3
9437
3
9438
4
9439
3
9440
3
9441
3
9442
3
9443
4
9444
3
9445
3
9446
3
9447
3
9448
4
9449
3
9450
3
9451
3
9452
3
9453
4
9454
3
9455
3
9456
3
9457
3
9458
4
9459
3
9460
3
9461
3
9462
3
9463
4
9464
3
9465
3
9466
3
9467
3
9468
4
9469
3
9470
3
9471
3
9472
3
9473
4
9474
3
9475
3
9476
3
9477
3
9478
4
9479
3
9480
3
9481
3
9482
3
9483
4
9484
3
9485
3
9486
3
9487
3
9488
4
9489
3
9490
3
9491
3
9492
3
9493
4
9494
3
9495
3
9496
3
9497
3
9498
4
9499
3
9500
3
9501
3
9502
3
9503
4
9504
3
9505
3
9506
3
9507
3
9508
4
9509
3
9510
3
9511
3
9512
3
9513
4
9514
3
9515
3
9516
3
9517
3
9518
4
9519
3
9520
3
9521
3
9522
3
9523
4
9524
3
9525
2
9526
3
9527
4
9528
4
9529
4
9530
4
9531
3
9532
3
9533
4
9534
4
9535
4
9536
4
9537
3
9538
3
9539
4
9540
4
9541
4
9542
4
9543
3
9544
3
9545
4
9546
4
9547
4
9548
4
9549
3
9550
3
9551
4
9552
4
9553
4
9554
4
9555
3
9556
3
9557
4
9558
4
9559
4
9560
4
9561
3
9562
3
9563
4
9564
4
9565
4
9566
4
9567
3
9568
3
9569
4
9570
4
9571
4
9572
4
9573
3
9574
3
9575
4
9576
4
9577
4
9578
4
9579
3
9580
3
9581
4
9582
4
9583
4
9584
4
9585
3
9586
3
9587
4
9588
4
9589
4
9590
4
9591
3
9592
3
9593
4
9594
4
9595
4
9596
4
9597
3
9598
3
9599
4
9600
4
9601
4
9602
4
9603
3
9604
3
9605
4
9606
4
9607
4
9608
4
9609
3
9610
3
9611
4
9612
4
9613
4
9614
4
9615
3
9616
3
9617
4
9618
4
9619
4
9620
4
9621
3
9622
3
9623
4
9624
4
9625
4
9626
4
9627
3
9628
3
9629
4
9630
4
9631
4
9632
4
9633
3
9634
3
9635
4
9636
4
9637
4
9638
4
9639
3
9640
3
9641
4
9642
4
9643
4
9644
4
9645
3
9646
3
9647
4
9648
4
9649
4
9650
4
9651
3
9652
3
9653
4
9654
4
9655
4
9656
4
9657
3
9658
3
9659
4
9660
4
9661
4
9662
4
9663
3
9664
3
9665
4
9666
4
9667
4
9668
4
9669
3
9670
3
9671
4
9672
4
9673
4
9674
4
9675
3
9676
3
9677
4
9678
4
9679
4
9680
4
9681
3
9682
3
9683
4
9684
4
9685
4
9686
4
9687
3
9688
3
9689
4
9690
4
9691
4
9692
4
9693
3
9694
3
9695
4
9696
4
9697
4
9698
4
9699
3
9700
3
9701
4
9702
4
9703
4
9704
4
9705
3
9706
3
9707
4
9708
4
9709
4
9710
4
9711
3
9712
3
9713
4
9714
4
9715
4
9716
4
9717
3
9718
3
9719
4
9720
4
9721
4
9722
4
9723
3
9724
3
9725
4
9726
4
9727
4
9728
4
9729
3
9730
3
9731
4
9732
4
9733
4
9734
4
9735
3
9736
3
9737
4
9738
4
9739
4
9740
4
9741
3
9742
3
9743
4
9744
4
9745
4
9746
4
9747
3
9748
3
9749
4
9750
4
9751
4
9752
4
9753
3
9754
3
9755
4
9756
4
9757
4
9758
4
9759
3
9760
3
9761
4
9762
4
9763
4
9764
4
9765
3
9766
3
9767
4
9768
4
9769
4
9770
4
9771
3
9772
3
9773
4
9774
4
9775
4
9776
4
9777
3
9778
3
9779
4
9780
4
9781
4
9782
4
9783
3
9784
3
9785
4
9786
4
9787
4
9788
4
9789
3
9790
3
9791
4
9792
4
9793
4
9794
4
9795
3
9796
3
9797
4
9798
4
9799
4
9800
4
9801
3
9802
3
9803
4
9804
4
9805
4
9806
4
9807
3
9808
3
9809
4
9810
4
9811
4
9812
4
9813
3
9814
2
9815
3
9816
3
9817
3
9818
4
9819
3
9820
3
9821
3
9822
3
9823
4
9824
3
9825
3
9826
3
9827
3
9828
4
9829
3
9830
3
9831
3
9832
3
9833
4
9834
3
9835
3
9836
3
9837
3
9838
4
9839
3
9840
3
9841
3
9842
3
9843
4
9844
3
9845
3
9846
3
9847
3
9848
4
9849
3
9850
3
9851
3
9852
3
9853
4
9854
3
9855
3
9856
3
9857
3
9858
4
9859
3
9860
3
9861
3
9862
3
9863
4
9864
3
9865
3
9866
3
9867
3
9868
4
9869
3
9870
3
9871
3
9872
3
9873
4
9874
3
9875
3
9876
3
9877
3
9878
4
9879
3
9880
3
9881
3
9882
3
9883
4
9884
3
9885
3
9886
3
9887
3
9888
4
9889
3
9890
3
9891
3
9892
3
9893
4
9894
3
9895
3
9896
3
9897
3
9898
4
9899
3
9900
3
9901
3
9902
3
9903
4
9904
3
9905
3
9906
3
9907
3
9908
4
9909
3
9910
3
9911
3
9912
3
9913
4
9914
3
9915
3
9916
3
9917
3
9918
3
9919
3
9920
3
9921
3
9922
3
9923
3
9924
2
9925
2
9926
2
9927
2
9928
3
9929
3
9930
3
9931
3
9932
3
9933
3
9934
2
9935
1
9936
2
9937
3
9938
3
9939
3
9940
2
9941
2
9942
3
9943
3
9944
3
9945
3
9946
2
9947
2
9948
3
9949
3
9950
3
9951
3
9952
2
9953
2
9954
3
9955
3
9956
3
9957
3
9958
2
9959
2
9960
3
9961
3
9962
3
9963
3
9964
2
9965
2
9966
3
9967
3
9968
3
9969
3
9970
2
9971
2
9972
3
9973
3
9974
3
9975
3
9976
2
9977
2
9978
3
9979
3
9980
3
9981
3
9982
2
9983
2
9984
3
9985
3
9986
3
9987
3
9988
2
9989
2
9990
3
9991
3
9992
3
9993
3
9994
2
9995
2
9996
3
9997
3
9998
3
9999
2
