8000
0
21
1
155
2
240
3
91
4
137
5
104
6
327
7
233
8
354
9
198
10
179
11
290
12
298
13
179
14
221
15
132
16
51
17
220
18
140
19
114
20
145
21
76
22
103
23
105
24
83
25
109
26
192
27
159
28
105
29
138
30
111
31
38
32
169
33
206
34
142
35
47
36
118
37
88
38
117
39
93
40
110
41
95
42
36
43
60
44
95
45
138
46
68
47
98
48
118
49
159
50
141
51
129
52
77
53
61
54
131
55
74
56
95
57
98
58
73
59
78
60
99
61
95
62
56
63
61
64
81
65
88
66
81
67
65
68
57
69
59
70
29
71
45
72
48
73
97
74
95
75
74
76
30
77
29
78
60
79
54
80
117
81
97
82
50
83
68
84
62
85
81
86
50
87
98
88
76
89
43
90
55
91
39
92
37
93
99
94
62
95
66
96
55
97
42
98
39
99
84
100
31
101
59
102
46
103
45
104
21
105
81
106
24
107
29
108
49
109
62
110
26
111
48
112
138
113
53
114
84
115
65
116
36
117
46
118
41
119
50
120
47
121
50
122
35
123
56
124
39
125
25
126
47
127
52
128
38
129
33
130
48
131
72
132
42
133
45
134
61
135
44
136
33
137
59
138
59
139
38
140
33
141
45
142
69
143
74
144
45
145
40
146
42
147
67
148
52
149
41
150
27
151
17
152
69
153
27
154
71
155
39
156
48
157
74
158
40
159
53
160
37
161
33
162
57
163
36
164
31
165
34
166
45
167
40
168
38
169
47
170
40
171
22
172
40
173
22
174
20
175
37
176
43
177
59
178
48
179
88
180
19
181
25
182
38
183
24
184
48
185
13
186
48
187
46
188
28
189
52
190
74
191
24
192
31
193
21
194
44
195
68
196
21
197
44
198
66
199
22
200
56
201
70
202
42
203
38
204
48
205
38
206
29
207
20
208
72
209
17
210
24
211
39
212
49
213
23
214
51
215
30
216
66
217
21
218
36
219
61
220
23
221
36
222
33
223
38
224
55
225
21
226
37
227
34
228
62
229
21
230
43
231
28
232
30
233
52
234
28
235
26
236
20
237
20
238
39
239
42
240
35
241
31
242
21
243
24
244
33
245
27
246
25
247
36
248
28
249
36
250
32
251
29
252
16
253
33
254
30
255
39
256
33
257
28
258
29
259
44
260
34
261
25
262
16
263
48
264
81
265
29
266
33
267
24
268
27
269
23
270
18
271
48
272
66
273
25
274
33
275
42
276
59
277
29
278
35
279
48
280
27
281
14
282
32
283
38
284
26
285
22
286
42
287
38
288
23
289
29
290
31
291
25
292
25
293
29
294
25
295
52
296
34
297
33
298
39
299
46
300
31
301
27
302
36
303
24
304
25
305
21
306
36
307
34
308
43
309
39
310
32
311
20
312
25
313
54
314
48
315
27
316
58
317
17
318
21
319
23
320
35
321
36
322
31
323
20
324
29
325
30
326
31
327
23
328
45
329
46
330
14
331
31
332
35
333
25
334
49
335
28
336
36
337
32
338
23
339
28
340
11
341
16
342
47
343
20
344
14
345
34
346
22
347
31
348
30
349
36
350
33
351
16
352
22
353
31
354
17
355
30
356
47
357
27
358
21
359
12
360
30
361
25
362
26
363
11
364
45
365
23
366
21
367
25
368
24
369
37
370
26
371
33
372
17
373
25
374
12
375
29
376
20
377
11
378
37
379
27
380
31
381
37
382
18
383
14
384
27
385
37
386
18
387
23
388
27
389
21
390
11
391
26
392
21
393
25
394
16
395
11
396
16
397
25
398
18
399
11
400
19
401
17
402
31
403
22
404
51
405
25
406
23
407
13
408
36
409
19
410
24
411
27
412
24
413
19
414
17
415
30
416
40
417
28
418
29
419
26
420
22
421
23
422
27
423
15
424
9
425
28
426
37
427
49
428
23
429
19
430
14
431
18
432
15
433
30
434
23
435
16
436
18
437
22
438
20
439
28
440
37
441
19
442
37
443
22
444
25
445
12
446
30
447
23
448
27
449
25
450
31
451
41
452
31
453
29
454
14
455
29
456
15
457
26
458
47
459
35
460
39
461
12
462
35
463
26
464
28
465
25
466
22
467
38
468
22
469
15
470
14
471
36
472
25
473
28
474
30
475
49
476
33
477
15
478
25
479
31
480
21
481
17
482
20
483
30
484
21
485
25
486
14
487
28
488
32
489
22
490
50
491
38
492
32
493
22
494
36
495
28
496
25
497
21
498
22
499
22
500
19
501
16
502
19
503
43
504
17
505
18
506
27
507
32
508
18
509
19
510
35
511
26
512
52
513
20
514
12
515
46
516
30
517
17
518
14
519
15
520
28
521
16
522
23
523
18
524
10
525
39
526
25
527
22
528
37
529
21
530
28
531
15
532
22
533
19
534
22
535
42
536
21
537
28
538
17
539
32
540
32
541
13
542
32
543
18
544
23
545
23
546
21
547
39
548
29
549
28
550
12
551
30
552
23
553
15
554
25
555
22
556
27
557
19
558
21
559
23
560
28
561
29
562
20
563
21
564
32
565
11
566
20
567
45
568
26
569
20
570
20
571
12
572
14
573
23
574
13
575
29
576
22
577
31
578
27
579
32
580
21
581
19
582
34
583
22
584
37
585
22
586
28
587
18
588
27
589
28
590
15
591
29
592
17
593
28
594
25
595
20
596
25
597
14
598
13
599
18
600
24
601
19
602
28
603
20
604
24
605
32
606
24
607
10
608
18
609
20
610
16
611
27
612
28
613
20
614
17
615
12
616
15
617
13
618
14
619
32
620
18
621
18
622
7
623
16
624
11
625
33
626
16
627
15
628
21
629
15
630
23
631
24
632
20
633
29
634
16
635
20
636
12
637
12
638
20
639
37
640
16
641
47
642
18
643
18
644
22
645
16
646
26
647
14
648
14
649
17
650
11
651
20
652
18
653
19
654
36
655
14
656
14
657
30
658
30
659
12
660
25
661
21
662
19
663
28
664
20
665
36
666
29
667
31
668
17
669
12
670
19
671
14
672
17
673
7
674
19
675
31
676
21
677
20
678
24
679
20
680
18
681
15
682
17
683
20
684
13
685
21
686
28
687
17
688
14
689
15
690
14
691
15
692
14
693
21
694
21
695
17
696
26
697
20
698
32
699
18
700
26
701
10
702
23
703
30
704
19
705
17
706
15
707
12
708
16
709
32
710
15
711
25
712
29
713
29
714
16
715
22
716
29
717
18
718
23
719
11
720
21
721
27
722
18
723
12
724
24
725
22
726
19
727
27
728
30
729
19
730
29
731
14
732
26
733
31
734
11
735
21
736
23
737
10
738
17
739
18
740
25
741
17
742
11
743
21
744
17
745
15
746
19
747
15
748
20
749
21
750
22
751
20
752
24
753
32
754
26
755
14
756
22
757
24
758
15
759
29
760
23
761
18
762
20
763
11
764
14
765
10
766
13
767
11
768
16
769
20
770
15
771
18
772
14
773
24
774
24
775
42
776
22
777
20
778
16
779
18
780
17
781
14
782
15
783
13
784
19
785
30
786
17
787
27
788
19
789
20
790
18
791
23
792
18
793
21
794
13
795
19
796
26
797
15
798
22
799
17
800
21
801
17
802
24
803
23
804
18
805
45
806
17
807
17
808
8
809
17
810
10
811
14
812
23
813
30
814
17
815
24
816
14
817
30
818
13
819
19
820
18
821
15
822
21
823
18
824
15
825
11
826
16
827
17
828
18
829
16
830
11
831
24
832
20
833
18
834
17
835
21
836
16
837
18
838
15
839
17
840
30
841
8
842
28
843
22
844
28
845
19
846
16
847
33
848
21
849
26
850
27
851
18
852
22
853
12
854
14
855
19
856
18
857
22
858
19
859
21
860
20
861
19
862
20
863
19
864
14
865
14
866
18
867
15
868
11
869
16
870
16
871
19
872
14
873
25
874
14
875
16
876
18
877
30
878
18
879
8
880
11
881
10
882
26
883
16
884
13
885
13
886
14
887
10
888
18
889
15
890
41
891
11
892
21
893
23
894
20
895
19
896
13
897
18
898
20
899
13
900
8
901
16
902
10
903
22
904
11
905
10
906
16
907
18
908
9
909
20
910
13
911
14
912
17
913
26
914
10
915
32
916
20
917
20
918
23
919
14
920
7
921
20
922
14
923
24
924
15
925
19
926
28
927
26
928
22
929
14
930
25
931
15
932
12
933
19
934
15
935
13
936
15
937
20
938
22
939
13
940
14
941
10
942
19
943
11
944
15
945
16
946
16
947
22
948
10
949
20
950
18
951
21
952
21
953
15
954
38
955
16
956
18
957
13
958
15
959
15
960
27
961
14
962
41
963
11
964
17
965
11
966
21
967
13
968
16
969
13
970
15
971
12
972
14
973
18
974
11
975
31
976
14
977
20
978
28
979
15
980
15
981
11
982
16
983
9
984
14
985
22
986
10
987
14
988
20
989
20
990
12
991
19
992
13
993
14
994
14
995
28
996
10
997
17
998
22
999
24
1000
18
1001
19
1002
14
1003
25
1004
19
1005
8
1006
15
1007
10
1008
14
1009
18
1010
11
1011
16
1012
14
1013
11
1014
12
1015
11
1016
10
1017
18
1018
21
1019
15
1020
15
1021
21
1022
11
1023
17
1024
11
1025
13
1026
22
1027
16
1028
23
1029
20
1030
12
1031
12
1032
14
1033
13
1034
17
1035
22
1036
11
1037
24
1038
14
1039
20
1040
17
1041
19
1042
17
1043
14
1044
12
1045
24
1046
13
1047
10
1048
20
1049
10
1050
15
1051
15
1052
19
1053
20
1054
18
1055
13
1056
28
1057
13
1058
17
1059
12
1060
22
1061
19
1062
10
1063
10
1064
11
1065
19
1066
12
1067
16
1068
15
1069
21
1070
18
1071
19
1072
17
1073
16
1074
13
1075
8
1076
10
1077
20
1078
9
1079
23
1080
14
1081
13
1082
15
1083
15
1084
14
1085
15
1086
12
1087
22
1088
16
1089
22
1090
25
1091
13
1092
12
1093
10
1094
32
1095
15
1096
24
1097
11
1098
21
1099
20
1100
16
1101
15
1102
10
1103
13
1104
23
1105
12
1106
12
1107
18
1108
12
1109
8
1110
26
1111
31
1112
14
1113
15
1114
21
1115
19
1116
10
1117
14
1118
21
1119
14
1120
11
1121
13
1122
15
1123
11
1124
12
1125
14
1126
16
1127
21
1128
15
1129
20
1130
18
1131
22
1132
26
1133
16
1134
8
1135
7
1136
18
1137
13
1138
11
1139
19
1140
13
1141
13
1142
13
1143
14
1144
15
1145
13
1146
18
1147
22
1148
14
1149
16
1150
17
1151
25
1152
22
1153
24
1154
15
1155
15
1156
11
1157
25
1158
12
1159
19
1160
19
1161
24
1162
18
1163
21
1164
16
1165
12
1166
19
1167
22
1168
9
1169
21
1170
21
1171
16
1172
16
1173
22
1174
14
1175
19
1176
16
1177
16
1178
22
1179
20
1180
8
1181
12
1182
9
1183
11
1184
25
1185
16
1186
14
1187
19
1188
11
1189
12
1190
12
1191
23
1192
14
1193
13
1194
12
1195
10
1196
14
1197
13
1198
11
1199
15
1200
16
1201
15
1202
13
1203
10
1204
18
1205
14
1206
19
1207
14
1208
7
1209
7
1210
21
1211
17
1212
24
1213
15
1214
17
1215
8
1216
14
1217
7
1218
17
1219
14
1220
12
1221
9
1222
18
1223
7
1224
21
1225
11
1226
14
1227
18
1228
17
1229
21
1230
12
1231
16
1232
19
1233
15
1234
10
1235
17
1236
14
1237
9
1238
10
1239
28
1240
30
1241
17
1242
18
1243
16
1244
12
1245
19
1246
20
1247
14
1248
15
1249
17
1250
23
1251
14
1252
13
1253
17
1254
7
1255
6
1256
9
1257
11
1258
13
1259
17
1260
12
1261
7
1262
17
1263
15
1264
16
1265
27
1266
9
1267
10
1268
20
1269
21
1270
16
1271
13
1272
14
1273
12
1274
16
1275
8
1276
16
1277
16
1278
20
1279
14
1280
17
1281
11
1282
15
1283
16
1284
13
1285
14
1286
10
1287
11
1288
8
1289
23
1290
21
1291
17
1292
11
1293
19
1294
12
1295
19
1296
13
1297
17
1298
13
1299
15
1300
23
1301
12
1302
21
1303
15
1304
17
1305
15
1306
10
1307
8
1308
19
1309
13
1310
7
1311
18
1312
17
1313
10
1314
7
1315
12
1316
15
1317
26
1318
9
1319
22
1320
15
1321
11
1322
15
1323
19
1324
14
1325
20
1326
20
1327
12
1328
14
1329
8
1330
19
1331
16
1332
12
1333
15
1334
15
1335
13
1336
15
1337
9
1338
9
1339
23
1340
27
1341
13
1342
11
1343
13
1344
24
1345
10
1346
11
1347
21
1348
21
1349
9
1350
20
1351
14
1352
14
1353
10
1354
16
1355
11
1356
21
1357
12
1358
9
1359
7
1360
12
1361
11
1362
14
1363
16
1364
19
1365
19
1366
11
1367
22
1368
18
1369
21
1370
12
1371
19
1372
22
1373
21
1374
11
1375
13
1376
20
1377
13
1378
16
1379
14
1380
14
1381
15
1382
8
1383
10
1384
21
1385
14
1386
15
1387
23
1388
12
1389
22
1390
10
1391
12
1392
19
1393
17
1394
14
1395
9
1396
7
1397
13
1398
15
1399
15
1400
11
1401
14
1402
14
1403
9
1404
11
1405
10
1406
15
1407
19
1408
23
1409
10
1410
8
1411
12
1412
21
1413
10
1414
15
1415
11
1416
11
1417
19
1418
13
1419
35
1420
14
1421
16
1422
10
1423
15
1424
14
1425
14
1426
16
1427
15
1428
18
1429
15
1430
17
1431
16
1432
13
1433
20
1434
37
1435
16
1436
14
1437
13
1438
16
1439
10
1440
10
1441
26
1442
14
1443
12
1444
17
1445
12
1446
14
1447
13
1448
8
1449
10
1450
11
1451
19
1452
12
1453
19
1454
11
1455
16
1456
22
1457
10
1458
13
1459
13
1460
14
1461
16
1462
11
1463
20
1464
13
1465
22
1466
12
1467
14
1468
15
1469
9
1470
17
1471
9
1472
22
1473
13
1474
12
1475
11
1476
11
1477
13
1478
10
1479
8
1480
20
1481
9
1482
17
1483
15
1484
9
1485
7
1486
10
1487
11
1488
18
1489
7
1490
12
1491
16
1492
14
1493
11
1494
16
1495
14
1496
13
1497
12
1498
21
1499
17
1500
20
1501
23
1502
11
1503
8
1504
12
1505
11
1506
8
1507
14
1508
17
1509
13
1510
14
1511
10
1512
16
1513
8
1514
13
1515
21
1516
9
1517
30
1518
18
1519
13
1520
7
1521
7
1522
20
1523
14
1524
19
1525
12
1526
15
1527
19
1528
13
1529
31
1530
15
1531
7
1532
13
1533
11
1534
9
1535
16
1536
15
1537
16
1538
22
1539
14
1540
24
1541
12
1542
20
1543
19
1544
10
1545
9
1546
9
1547
16
1548
14
1549
22
1550
18
1551
9
1552
15
1553
19
1554
18
1555
19
1556
22
1557
8
1558
13
1559
9
1560
18
1561
24
1562
17
1563
20
1564
16
1565
19
1566
11
1567
16
1568
17
1569
17
1570
8
1571
14
1572
12
1573
13
1574
14
1575
13
1576
11
1577
8
1578
10
1579
14
1580
11
1581
12
1582
14
1583
13
1584
10
1585
10
1586
12
1587
15
1588
12
1589
8
1590
17
1591
12
1592
16
1593
10
1594
12
1595
10
1596
22
1597
7
1598
8
1599
17
1600
17
1601
11
1602
9
1603
12
1604
11
1605
7
1606
12
1607
7
1608
12
1609
10
1610
13
1611
11
1612
11
1613
16
1614
14
1615
15
1616
11
1617
15
1618
14
1619
25
1620
10
1621
18
1622
14
1623
11
1624
16
1625
8
1626
12
1627
11
1628
12
1629
10
1630
13
1631
6
1632
12
1633
12
1634
8
1635
9
1636
15
1637
10
1638
11
1639
11
1640
15
1641
10
1642
8
1643
10
1644
12
1645
11
1646
8
1647
14
1648
11
1649
8
1650
10
1651
15
1652
12
1653
15
1654
11
1655
9
1656
8
1657
15
1658
9
1659
10
1660
10
1661
12
1662
16
1663
11
1664
20
1665
13
1666
18
1667
18
1668
14
1669
9
1670
21
1671
11
1672
9
1673
7
1674
12
1675
11
1676
8
1677
14
1678
14
1679
14
1680
12
1681
19
1682
13
1683
14
1684
16
1685
12
1686
12
1687
14
1688
11
1689
10
1690
13
1691
17
1692
8
1693
10
1694
14
1695
8
1696
11
1697
11
1698
26
1699
14
1700
12
1701
14
1702
13
1703
15
1704
20
1705
14
1706
11
1707
12
1708
13
1709
18
1710
10
1711
13
1712
11
1713
8
1714
19
1715
15
1716
9
1717
10
1718
10
1719
10
1720
8
1721
15
1722
13
1723
19
1724
12
1725
9
1726
13
1727
6
1728
18
1729
16
1730
11
1731
16
1732
13
1733
8
1734
10
1735
9
1736
16
1737
11
1738
13
1739
8
1740
13
1741
10
1742
10
1743
9
1744
16
1745
11
1746
14
1747
8
1748
11
1749
7
1750
12
1751
16
1752
14
1753
13
1754
12
1755
13
1756
11
1757
13
1758
14
1759
8
1760
11
1761
8
1762
8
1763
11
1764
9
1765
10
1766
12
1767
14
1768
13
1769
9
1770
13
1771
17
1772
10
1773
9
1774
9
1775
14
1776
10
1777
16
1778
15
1779
10
1780
8
1781
18
1782
8
1783
15
1784
7
1785
19
1786
10
1787
13
1788
6
1789
11
1790
13
1791
8
1792
12
1793
16
1794
14
1795
9
1796
16
1797
13
1798
12
1799
10
1800
11
1801
9
1802
15
1803
17
1804
13
1805
7
1806
10
1807
13
1808
16
1809
8
1810
14
1811
14
1812
9
1813
13
1814
9
1815
16
1816
14
1817
8
1818
14
1819
14
1820
13
1821
17
1822
9
1823
13
1824
16
1825
23
1826
7
1827
12
1828
15
1829
14
1830
13
1831
12
1832
10
1833
10
1834
10
1835
9
1836
10
1837
10
1838
12
1839
8
1840
12
1841
10
1842
15
1843
8
1844
11
1845
11
1846
11
1847
11
1848
9
1849
18
1850
9
1851
9
1852
16
1853
10
1854
11
1855
14
1856
12
1857
11
1858
9
1859
18
1860
11
1861
10
1862
10
1863
9
1864
7
1865
12
1866
11
1867
11
1868
19
1869
18
1870
12
1871
16
1872
8
1873
9
1874
7
1875
10
1876
11
1877
9
1878
15
1879
17
1880
15
1881
15
1882
10
1883
9
1884
13
1885
14
1886
14
1887
9
1888
11
1889
9
1890
10
1891
10
1892
9
1893
14
1894
11
1895
13
1896
18
1897
13
1898
15
1899
18
1900
8
1901
12
1902
12
1903
15
1904
11
1905
8
1906
11
1907
12
1908
16
1909
9
1910
11
1911
11
1912
10
1913
6
1914
9
1915
9
1916
16
1917
10
1918
10
1919
18
1920
19
1921
11
1922
11
1923
10
1924
12
1925
6
1926
9
1927
16
1928
13
1929
14
1930
20
1931
16
1932
12
1933
6
1934
11
1935
10
1936
12
1937
21
1938
10
1939
8
1940
8
1941
12
1942
10
1943
8
1944
14
1945
12
1946
8
1947
12
1948
10
1949
14
1950
13
1951
15
1952
11
1953
12
1954
6
1955
14
1956
8
1957
12
1958
12
1959
13
1960
10
1961
13
1962
11
1963
10
1964
10
1965
9
1966
16
1967
14
1968
15
1969
11
1970
8
1971
13
1972
11
1973
17
1974
10
1975
16
1976
11
1977
16
1978
9
1979
7
1980
12
1981
11
1982
8
1983
15
1984
14
1985
17
1986
11
1987
14
1988
15
1989
10
1990
12
1991
7
1992
11
1993
6
1994
9
1995
14
1996
15
1997
7
1998
12
1999
14
2000
16
2001
9
2002
13
2003
17
2004
17
2005
15
2006
13
2007
14
2008
9
2009
11
2010
15
2011
16
2012
15
2013
9
2014
12
2015
15
2016
8
2017
8
2018
16
2019
11
2020
13
2021
11
2022
11
2023
10
2024
14
2025
11
2026
9
2027
17
2028
12
2029
11
2030
12
2031
14
2032
9
2033
12
2034
13
2035
12
2036
12
2037
13
2038
12
2039
14
2040
8
2041
8
2042
17
2043
13
2044
10
2045
12
2046
8
2047
9
2048
17
2049
9
2050
10
2051
12
2052
8
2053
7
2054
13
2055
13
2056
10
2057
8
2058
13
2059
9
2060
7
2061
11
2062
12
2063
10
2064
10
2065
14
2066
7
2067
9
2068
15
2069
11
2070
8
2071
19
2072
17
2073
10
2074
10
2075
10
2076
11
2077
11
2078
15
2079
10
2080
11
2081
20
2082
10
2083
10
2084
15
2085
15
2086
21
2087
12
2088
15
2089
14
2090
13
2091
13
2092
10
2093
14
2094
9
2095
12
2096
10
2097
8
2098
13
2099
12
2100
14
2101
8
2102
16
2103
13
2104
12
2105
12
2106
9
2107
13
2108
8
2109
8
2110
15
2111
8
2112
9
2113
10
2114
12
2115
7
2116
15
2117
9
2118
8
2119
11
2120
12
2121
8
2122
7
2123
12
2124
12
2125
10
2126
13
2127
6
2128
19
2129
9
2130
10
2131
7
2132
17
2133
10
2134
14
2135
25
2136
12
2137
9
2138
16
2139
11
2140
12
2141
14
2142
12
2143
13
2144
11
2145
18
2146
6
2147
16
2148
13
2149
11
2150
16
2151
11
2152
16
2153
7
2154
8
2155
16
2156
10
2157
11
2158
13
2159
10
2160
26
2161
9
2162
15
2163
12
2164
7
2165
17
2166
14
2167
10
2168
10
2169
14
2170
16
2171
13
2172
9
2173
15
2174
9
2175
12
2176
22
2177
10
2178
15
2179
12
2180
12
2181
15
2182
8
2183
13
2184
9
2185
12
2186
11
2187
6
2188
13
2189
12
2190
10
2191
17
2192
12
2193
13
2194
12
2195
14
2196
9
2197
13
2198
11
2199
13
2200
14
2201
19
2202
12
2203
7
2204
18
2205
14
2206
7
2207
9
2208
12
2209
11
2210
15
2211
9
2212
12
2213
10
2214
13
2215
7
2216
15
2217
11
2218
12
2219
10
2220
13
2221
6
2222
10
2223
11
2224
12
2225
8
2226
7
2227
9
2228
20
2229
8
2230
12
2231
7
2232
8
2233
11
2234
12
2235
14
2236
12
2237
13
2238
16
2239
8
2240
16
2241
15
2242
6
2243
8
2244
9
2245
13
2246
9
2247
10
2248
11
2249
9
2250
6
2251
11
2252
10
2253
11
2254
7
2255
18
2256
11
2257
8
2258
17
2259
14
2260
7
2261
18
2262
9
2263
10
2264
17
2265
8
2266
11
2267
12
2268
14
2269
10
2270
12
2271
17
2272
12
2273
10
2274
7
2275
12
2276
10
2277
10
2278
11
2279
9
2280
12
2281
9
2282
9
2283
13
2284
15
2285
12
2286
7
2287
12
2288
12
2289
9
2290
8
2291
8
2292
13
2293
9
2294
12
2295
15
2296
12
2297
14
2298
9
2299
14
2300
6
2301
13
2302
13
2303
14
2304
8
2305
14
2306
12
2307
14
2308
8
2309
7
2310
6
2311
16
2312
10
2313
8
2314
10
2315
9
2316
9
2317
13
2318
7
2319
8
2320
8
2321
10
2322
16
2323
8
2324
10
2325
14
2326
14
2327
20
2328
10
2329
7
2330
11
2331
10
2332
17
2333
14
2334
10
2335
8
2336
10
2337
13
2338
14
2339
10
2340
11
2341
11
2342
13
2343
8
2344
12
2345
16
2346
7
2347
10
2348
10
2349
9
2350
10
2351
10
2352
9
2353
9
2354
13
2355
8
2356
13
2357
10
2358
8
2359
14
2360
6
2361
8
2362
8
2363
10
2364
10
2365
14
2366
7
2367
14
2368
12
2369
11
2370
10
2371
6
2372
11
2373
11
2374
8
2375
12
2376
9
2377
11
2378
10
2379
10
2380
11
2381
14
2382
8
2383
13
2384
7
2385
10
2386
8
2387
10
2388
13
2389
8
2390
9
2391
7
2392
8
2393
12
2394
7
2395
7
2396
11
2397
11
2398
12
2399
10
2400
12
2401
8
2402
13
2403
13
2404
11
2405
13
2406
8
2407
9
2408
12
2409
13
2410
8
2411
6
2412
14
2413
22
2414
10
2415
8
2416
10
2417
17
2418
11
2419
8
2420
12
2421
9
2422
8
2423
11
2424
11
2425
14
2426
8
2427
11
2428
9
2429
9
2430
7
2431
9
2432
10
2433
7
2434
8
2435
9
2436
17
2437
13
2438
7
2439
9
2440
13
2441
12
2442
12
2443
9
2444
11
2445
11
2446
10
2447
17
2448
9
2449
7
2450
11
2451
8
2452
9
2453
12
2454
11
2455
12
2456
11
2457
10
2458
7
2459
15
2460
8
2461
12
2462
12
2463
7
2464
10
2465
11
2466
9
2467
15
2468
10
2469
10
2470
7
2471
9
2472
12
2473
14
2474
10
2475
19
2476
14
2477
12
2478
12
2479
14
2480
11
2481
7
2482
9
2483
6
2484
16
2485
13
2486
7
2487
11
2488
7
2489
9
2490
13
2491
14
2492
13
2493
9
2494
13
2495
10
2496
9
2497
13
2498
8
2499
8
2500
14
2501
7
2502
11
2503
15
2504
8
2505
13
2506
8
2507
16
2508
9
2509
8
2510
15
2511
8
2512
12
2513
8
2514
7
2515
8
2516
11
2517
12
2518
7
2519
10
2520
13
2521
15
2522
12
2523
10
2524
11
2525
7
2526
9
2527
14
2528
11
2529
11
2530
10
2531
12
2532
15
2533
9
2534
7
2535
19
2536
9
2537
15
2538
6
2539
12
2540
15
2541
9
2542
15
2543
10
2544
12
2545
8
2546
12
2547
18
2548
8
2549
12
2550
13
2551
9
2552
10
2553
9
2554
8
2555
17
2556
8
2557
9
2558
9
2559
7
2560
14
2561
8
2562
11
2563
16
2564
13
2565
12
2566
7
2567
10
2568
9
2569
8
2570
7
2571
10
2572
15
2573
10
2574
8
2575
8
2576
9
2577
13
2578
14
2579
10
2580
12
2581
10
2582
9
2583
10
2584
14
2585
13
2586
15
2587
10
2588
10
2589
14
2590
8
2591
10
2592
8
2593
6
2594
10
2595
8
2596
12
2597
9
2598
14
2599
10
2600
14
2601
12
2602
6
2603
15
2604
9
2605
11
2606
10
2607
20
2608
12
2609
7
2610
13
2611
13
2612
10
2613
13
2614
10
2615
13
2616
8
2617
9
2618
10
2619
11
2620
8
2621
20
2622
12
2623
12
2624
6
2625
7
2626
12
2627
14
2628
7
2629
8
2630
12
2631
6
2632
9
2633
10
2634
15
2635
6
2636
10
2637
12
2638
12
2639
13
2640
14
2641
10
2642
11
2643
9
2644
9
2645
7
2646
17
2647
6
2648
11
2649
10
2650
12
2651
8
2652
11
2653
13
2654
18
2655
10
2656
6
2657
9
2658
7
2659
9
2660
12
2661
9
2662
10
2663
9
2664
9
2665
11
2666
9
2667
8
2668
13
2669
10
2670
9
2671
11
2672
10
2673
7
2674
8
2675
11
2676
17
2677
12
2678
14
2679
11
2680
14
2681
6
2682
10
2683
12
2684
10
2685
10
2686
12
2687
11
2688
11
2689
14
2690
12
2691
11
2692
10
2693
14
2694
10
2695
7
2696
8
2697
7
2698
7
2699
11
2700
8
2701
7
2702
12
2703
10
2704
11
2705
9
2706
7
2707
7
2708
10
2709
9
2710
7
2711
11
2712
10
2713
9
2714
12
2715
10
2716
9
2717
8
2718
8
2719
7
2720
9
2721
13
2722
9
2723
12
2724
8
2725
12
2726
11
2727
12
2728
8
2729
12
2730
11
2731
10
2732
11
2733
9
2734
10
2735
12
2736
7
2737
11
2738
11
2739
6
2740
12
2741
12
2742
11
2743
12
2744
12
2745
11
2746
9
2747
12
2748
10
2749
7
2750
8
2751
8
2752
13
2753
7
2754
10
2755
10
2756
7
2757
12
2758
9
2759
11
2760
13
2761
12
2762
23
2763
15
2764
8
2765
9
2766
10
2767
10
2768
11
2769
9
2770
10
2771
13
2772
11
2773
8
2774
13
2775
10
2776
7
2777
6
2778
9
2779
9
2780
11
2781
14
2782
12
2783
9
2784
6
2785
15
2786
8
2787
10
2788
7
2789
10
2790
11
2791
11
2792
12
2793
8
2794
11
2795
8
2796
13
2797
11
2798
11
2799
8
2800
9
2801
6
2802
15
2803
8
2804
10
2805
10
2806
12
2807
12
2808
8
2809
9
2810
12
2811
10
2812
11
2813
13
2814
8
2815
9
2816
10
2817
15
2818
17
2819
16
2820
12
2821
13
2822
6
2823
13
2824
9
2825
10
2826
9
2827
10
2828
7
2829
11
2830
9
2831
6
2832
11
2833
8
2834
9
2835
14
2836
12
2837
9
2838
10
2839
6
2840
8
2841
9
2842
7
2843
12
2844
16
2845
11
2846
7
2847
14
2848
9
2849
9
2850
13
2851
8
2852
6
2853
13
2854
12
2855
8
2856
9
2857
8
2858
9
2859
9
2860
14
2861
11
2862
9
2863
7
2864
8
2865
7
2866
12
2867
15
2868
12
2869
14
2870
17
2871
10
2872
8
2873
8
2874
8
2875
12
2876
13
2877
17
2878
7
2879
13
2880
10
2881
14
2882
9
2883
12
2884
7
2885
20
2886
11
2887
8
2888
10
2889
13
2890
12
2891
9
2892
9
2893
13
2894
15
2895
11
2896
11
2897
10
2898
11
2899
14
2900
8
2901
7
2902
6
2903
6
2904
10
2905
15
2906
11
2907
10
2908
11
2909
6
2910
8
2911
10
2912
10
2913
12
2914
6
2915
10
2916
8
2917
11
2918
10
2919
9
2920
14
2921
14
2922
8
2923
15
2924
9
2925
8
2926
9
2927
11
2928
11
2929
8
2930
11
2931
7
2932
9
2933
9
2934
13
2935
15
2936
10
2937
13
2938
7
2939
6
2940
8
2941
17
2942
8
2943
10
2944
10
2945
11
2946
12
2947
10
2948
7
2949
9
2950
14
2951
18
2952
14
2953
8
2954
10
2955
7
2956
9
2957
10
2958
6
2959
17
2960
9
2961
11
2962
6
2963
9
2964
16
2965
19
2966
8
2967
8
2968
8
2969
10
2970
11
2971
12
2972
8
2973
13
2974
8
2975
11
2976
18
2977
11
2978
8
2979
9
2980
8
2981
7
2982
9
2983
11
2984
10
2985
11
2986
9
2987
8
2988
7
2989
10
2990
9
2991
10
2992
12
2993
8
2994
12
2995
13
2996
8
2997
10
2998
7
2999
14
3000
9
3001
8
3002
9
3003
7
3004
9
3005
9
3006
8
3007
6
3008
13
3009
13
3010
11
3011
13
3012
11
3013
11
3014
16
3015
7
3016
6
3017
6
3018
7
3019
11
3020
15
3021
11
3022
8
3023
14
3024
10
3025
9
3026
9
3027
8
3028
14
3029
9
3030
10
3031
12
3032
18
3033
10
3034
14
3035
11
3036
7
3037
11
3038
9
3039
7
3040
7
3041
8
3042
8
3043
9
3044
13
3045
8
3046
11
3047
10
3048
9
3049
14
3050
11
3051
11
3052
11
3053
9
3054
9
3055
12
3056
12
3057
7
3058
18
3059
7
3060
7
3061
10
3062
12
3063
11
3064
13
3065
11
3066
11
3067
10
3068
13
3069
9
3070
12
3071
6
3072
8
3073
7
3074
10
3075
8
3076
14
3077
7
3078
8
3079
14
3080
9
3081
15
3082
8
3083
8
3084
12
3085
8
3086
6
3087
10
3088
6
3089
8
3090
9
3091
7
3092
10
3093
9
3094
8
3095
8
3096
6
3097
7
3098
9
3099
7
3100
9
3101
8
3102
7
3103
11
3104
9
3105
11
3106
9
3107
9
3108
8
3109
9
3110
11
3111
9
3112
13
3113
9
3114
7
3115
8
3116
7
3117
7
3118
9
3119
14
3120
10
3121
8
3122
10
3123
8
3124
9
3125
17
3126
9
3127
12
3128
7
3129
7
3130
8
3131
12
3132
8
3133
10
3134
11
3135
9
3136
7
3137
10
3138
11
3139
8
3140
13
3141
10
3142
11
3143
8
3144
8
3145
15
3146
9
3147
8
3148
7
3149
7
3150
8
3151
10
3152
14
3153
10
3154
8
3155
7
3156
15
3157
8
3158
10
3159
7
3160
9
3161
8
3162
9
3163
8
3164
8
3165
6
3166
9
3167
7
3168
7
3169
7
3170
9
3171
12
3172
9
3173
8
3174
10
3175
12
3176
9
3177
11
3178
9
3179
10
3180
7
3181
12
3182
9
3183
9
3184
9
3185
8
3186
8
3187
10
3188
8
3189
8
3190
8
3191
9
3192
8
3193
8
3194
7
3195
13
3196
7
3197
9
3198
11
3199
7
3200
16
3201
10
3202
7
3203
9
3204
8
3205
8
3206
8
3207
9
3208
7
3209
12
3210
11
3211
9
3212
9
3213
10
3214
7
3215
12
3216
11
3217
6
3218
17
3219
14
3220
8
3221
10
3222
8
3223
11
3224
7
3225
8
3226
11
3227
10
3228
8
3229
13
3230
10
3231
12
3232
7
3233
10
3234
9
3235
11
3236
6
3237
12
3238
6
3239
13
3240
12
3241
12
3242
7
3243
7
3244
12
3245
14
3246
9
3247
9
3248
9
3249
13
3250
9
3251
7
3252
10
3253
8
3254
8
3255
8
3256
11
3257
8
3258
8
3259
14
3260
9
3261
11
3262
9
3263
9
3264
7
3265
12
3266
9
3267
6
3268
8
3269
9
3270
11
3271
8
3272
10
3273
10
3274
8
3275
24
3276
8
3277
9
3278
9
3279
6
3280
6
3281
9
3282
13
3283
8
3284
9
3285
7
3286
7
3287
7
3288
7
3289
14
3290
8
3291
8
3292
7
3293
9
3294
13
3295
9
3296
14
3297
7
3298
7
3299
6
3300
6
3301
10
3302
6
3303
11
3304
10
3305
7
3306
7
3307
7
3308
6
3309
10
3310
13
3311
9
3312
6
3313
11
3314
10
3315
9
3316
15
3317
9
3318
8
3319
11
3320
8
3321
8
3322
10
3323
8
3324
9
3325
11
3326
12
3327
8
3328
7
3329
8
3330
10
3331
10
3332
6
3333
7
3334
12
3335
9
3336
14
3337
12
3338
8
3339
13
3340
6
3341
11
3342
11
3343
7
3344
7
3345
10
3346
6
3347
9
3348
9
3349
9
3350
7
3351
9
3352
13
3353
7
3354
7
3355
6
3356
15
3357
9
3358
8
3359
12
3360
9
3361
13
3362
12
3363
9
3364
9
3365
13
3366
10
3367
8
3368
8
3369
10
3370
7
3371
7
3372
9
3373
8
3374
11
3375
10
3376
8
3377
13
3378
12
3379
9
3380
7
3381
10
3382
6
3383
8
3384
10
3385
7
3386
14
3387
9
3388
12
3389
8
3390
6
3391
12
3392
8
3393
11
3394
7
3395
12
3396
12
3397
6
3398
8
3399
10
3400
12
3401
10
3402
13
3403
8
3404
8
3405
13
3406
10
3407
9
3408
12
3409
6
3410
15
3411
11
3412
7
3413
8
3414
6
3415
9
3416
9
3417
8
3418
11
3419
12
3420
10
3421
10
3422
7
3423
7
3424
15
3425
8
3426
12
3427
14
3428
6
3429
11
3430
7
3431
12
3432
11
3433
7
3434
12
3435
12
3436
7
3437
13
3438
7
3439
6
3440
8
3441
8
3442
12
3443
9
3444
6
3445
8
3446
10
3447
9
3448
9
3449
14
3450
8
3451
8
3452
12
3453
12
3454
11
3455
7
3456
7
3457
8
3458
10
3459
11
3460
9
3461
8
3462
7
3463
7
3464
7
3465
15
3466
7
3467
12
3468
7
3469
11
3470
9
3471
11
3472
7
3473
10
3474
9
3475
9
3476
12
3477
11
3478
6
3479
8
3480
7
3481
6
3482
9
3483
13
3484
10
3485
9
3486
7
3487
9
3488
11
3489
11
3490
8
3491
11
3492
6
3493
6
3494
11
3495
9
3496
6
3497
8
3498
9
3499
10
3500
7
3501
9
3502
8
3503
9
3504
8
3505
9
3506
6
3507
11
3508
7
3509
8
3510
10
3511
14
3512
16
3513
16
3514
9
3515
7
3516
9
3517
6
3518
10
3519
11
3520
7
3521
8
3522
8
3523
7
3524
10
3525
9
3526
8
3527
9
3528
6
3529
7
3530
9
3531
8
3532
7
3533
10
3534
6
3535
12
3536
9
3537
9
3538
10
3539
10
3540
8
3541
6
3542
7
3543
6
3544
8
3545
13
3546
8
3547
13
3548
10
3549
15
3550
9
3551
8
3552
9
3553
7
3554
9
3555
7
3556
11
3557
8
3558
11
3559
8
3560
10
3561
12
3562
9
3563
8
3564
10
3565
11
3566
12
3567
7
3568
7
3569
7
3570
9
3571
9
3572
10
3573
9
3574
14
3575
9
3576
12
3577
8
3578
11
3579
6
3580
9
3581
7
3582
6
3583
6
3584
11
3585
12
3586
7
3587
6
3588
8
3589
6
3590
10
3591
8
3592
6
3593
10
3594
6
3595
9
3596
10
3597
8
3598
10
3599
8
3600
9
3601
7
3602
9
3603
7
3604
12
3605
6
3606
6
3607
9
3608
7
3609
6
3610
7
3611
8
3612
9
3613
9
3614
8
3615
7
3616
9
3617
7
3618
14
3619
8
3620
10
3621
8
3622
9
3623
10
3624
6
3625
8
3626
8
3627
9
3628
13
3629
9
3630
10
3631
8
3632
9
3633
9
3634
8
3635
7
3636
10
3637
14
3638
10
3639
10
3640
14
3641
12
3642
13
3643
7
3644
7
3645
9
3646
8
3647
10
3648
9
3649
10
3650
10
3651
12
3652
8
3653
12
3654
9
3655
8
3656
7
3657
6
3658
8
3659
10
3660
7
3661
15
3662
10
3663
10
3664
6
3665
9
3666
12
3667
10
3668
8
3669
8
3670
11
3671
8
3672
8
3673
10
3674
9
3675
7
3676
9
3677
10
3678
9
3679
7
3680
9
3681
9
3682
6
3683
8
3684
6
3685
8
3686
9
3687
10
3688
11
3689
11
3690
9
3691
10
3692
11
3693
6
3694
13
3695
10
3696
6
3697
9
3698
8
3699
7
3700
10
3701
13
3702
9
3703
8
3704
9
3705
9
3706
8
3707
7
3708
9
3709
8
3710
11
3711
9
3712
7
3713
7
3714
9
3715
10
3716
7
3717
11
3718
12
3719
8
3720
13
3721
8
3722
11
3723
11
3724
10
3725
11
3726
6
3727
6
3728
12
3729
10
3730
6
3731
8
3732
12
3733
10
3734
7
3735
8
3736
11
3737
8
3738
8
3739
7
3740
9
3741
7
3742
8
3743
7
3744
8
3745
9
3746
9
3747
7
3748
10
3749
8
3750
9
3751
9
3752
7
3753
6
3754
10
3755
6
3756
9
3757
8
3758
7
3759
6
3760
9
3761
6
3762
14
3763
6
3764
7
3765
8
3766
8
3767
8
3768
8
3769
10
3770
8
3771
9
3772
6
3773
11
3774
14
3775
8
3776
10
3777
9
3778
6
3779
10
3780
8
3781
8
3782
7
3783
10
3784
7
3785
7
3786
8
3787
12
3788
10
3789
11
3790
12
3791
6
3792
11
3793
9
3794
8
3795
6
3796
11
3797
7
3798
12
3799
13
3800
10
3801
7
3802
9
3803
8
3804
11
3805
10
3806
7
3807
8
3808
6
3809
11
3810
9
3811
11
3812
9
3813
9
3814
8
3815
9
3816
8
3817
10
3818
9
3819
9
3820
8
3821
7
3822
12
3823
7
3824
6
3825
9
3826
8
3827
8
3828
6
3829
7
3830
7
3831
10
3832
12
3833
12
3834
8
3835
7
3836
9
3837
9
3838
9
3839
9
3840
7
3841
7
3842
12
3843
6
3844
7
3845
6
3846
9
3847
6
3848
9
3849
8
3850
8
3851
10
3852
8
3853
11
3854
6
3855
11
3856
8
3857
9
3858
12
3859
9
3860
9
3861
7
3862
9
3863
7
3864
7
3865
7
3866
8
3867
7
3868
7
3869
7
3870
16
3871
8
3872
9
3873
7
3874
11
3875
9
3876
8
3877
8
3878
9
3879
6
3880
10
3881
8
3882
8
3883
7
3884
10
3885
7
3886
7
3887
7
3888
15
3889
9
3890
9
3891
10
3892
8
3893
10
3894
7
3895
10
3896
7
3897
9
3898
9
3899
8
3900
9
3901
7
3902
7
3903
9
3904
11
3905
6
3906
10
3907
8
3908
8
3909
9
3910
8
3911
7
3912
9
3913
11
3914
7
3915
8
3916
11
3917
7
3918
12
3919
10
3920
8
3921
10
3922
6
3923
8
3924
8
3925
7
3926
9
3927
8
3928
8
3929
11
3930
8
3931
11
3932
9
3933
10
3934
8
3935
6
3936
8
3937
10
3938
6
3939
11
3940
11
3941
6
3942
11
3943
7
3944
8
3945
7
3946
8
3947
7
3948
9
3949
8
3950
7
3951
11
3952
9
3953
12
3954
9
3955
9
3956
6
3957
7
3958
8
3959
7
3960
10
3961
10
3962
9
3963
9
3964
10
3965
13
3966
14
3967
13
3968
9
3969
9
3970
8
3971
8
3972
6
3973
7
3974
6
3975
6
3976
8
3977
8
3978
6
3979
7
3980
7
3981
7
3982
7
3983
10
3984
8
3985
11
3986
6
3987
14
3988
9
3989
13
3990
6
3991
11
3992
9
3993
6
3994
8
3995
6
3996
7
3997
7
3998
9
3999
6
4000
12
4001
14
4002
9
4003
9
4004
10
4005
8
4006
8
4007
8
4008
7
4009
8
4010
10
4011
10
4012
7
4013
8
4014
8
4015
8
4016
7
4017
10
4018
7
4019
11
4020
12
4021
8
4022
12
4023
8
4024
7
4025
10
4026
9
4027
7
4028
7
4029
7
4030
6
4031
6
4032
10
4033
8
4034
8
4035
12
4036
6
4037
7
4038
13
4039
10
4040
7
4041
8
4042
9
4043
6
4044
7
4045
8
4046
10
4047
6
4048
7
4049
8
4050
8
4051
9
4052
13
4053
9
4054
6
4055
7
4056
7
4057
13
4058
8
4059
10
4060
7
4061
11
4062
11
4063
8
4064
6
4065
9
4066
9
4067
9
4068
7
4069
6
4070
9
4071
8
4072
6
4073
7
4074
10
4075
6
4076
7
4077
8
4078
6
4079
9
4080
11
4081
10
4082
9
4083
9
4084
9
4085
11
4086
7
4087
7
4088
9
4089
8
4090
10
4091
12
4092
7
4093
14
4094
8
4095
12
4096
9
4097
8
4098
8
4099
8
4100
8
4101
6
4102
7
4103
8
4104
7
4105
12
4106
7
4107
8
4108
13
4109
10
4110
10
4111
7
4112
9
4113
6
4114
6
4115
8
4116
8
4117
8
4118
11
4119
7
4120
7
4121
8
4122
6
4123
7
4124
6
4125
13
4126
9
4127
8
4128
7
4129
12
4130
8
4131
6
4132
8
4133
6
4134
12
4135
10
4136
9
4137
8
4138
10
4139
10
4140
11
4141
8
4142
8
4143
7
4144
7
4145
10
4146
6
4147
9
4148
11
4149
7
4150
7
4151
6
4152
8
4153
13
4154
9
4155
6
4156
11
4157
11
4158
7
4159
7
4160
10
4161
6
4162
11
4163
8
4164
11
4165
8
4166
7
4167
9
4168
9
4169
6
4170
7
4171
12
4172
9
4173
8
4174
10
4175
10
4176
8
4177
9
4178
7
4179
7
4180
9
4181
6
4182
11
4183
10
4184
12
4185
7
4186
7
4187
7
4188
11
4189
11
4190
11
4191
7
4192
8
4193
8
4194
8
4195
6
4196
8
4197
7
4198
9
4199
7
4200
7
4201
10
4202
12
4203
7
4204
7
4205
7
4206
7
4207
11
4208
11
4209
7
4210
7
4211
8
4212
7
4213
9
4214
9
4215
8
4216
7
4217
6
4218
7
4219
9
4220
7
4221
9
4222
9
4223
8
4224
8
4225
8
4226
8
4227
9
4228
7
4229
7
4230
10
4231
6
4232
10
4233
7
4234
6
4235
10
4236
7
4237
9
4238
7
4239
10
4240
10
4241
8
4242
7
4243
8
4244
8
4245
8
4246
8
4247
7
4248
9
4249
6
4250
7
4251
6
4252
7
4253
8
4254
8
4255
11
4256
7
4257
7
4258
8
4259
7
4260
6
4261
9
4262
13
4263
11
4264
7
4265
7
4266
13
4267
8
4268
10
4269
7
4270
9
4271
6
4272
6
4273
9
4274
7
4275
7
4276
8
4277
8
4278
9
4279
10
4280
9
4281
6
4282
6
4283
8
4284
9
4285
10
4286
11
4287
8
4288
6
4289
6
4290
10
4291
7
4292
9
4293
7
4294
10
4295
6
4296
6
4297
9
4298
9
4299
10
4300
6
4301
9
4302
6
4303
8
4304
8
4305
7
4306
7
4307
8
4308
8
4309
6
4310
7
4311
9
4312
8
4313
9
4314
9
4315
9
4316
6
4317
7
4318
8
4319
7
4320
7
4321
8
4322
9
4323
10
4324
11
4325
7
4326
8
4327
6
4328
7
4329
7
4330
10
4331
9
4332
8
4333
6
4334
7
4335
7
4336
7
4337
7
4338
10
4339
8
4340
8
4341
8
4342
7
4343
10
4344
6
4345
9
4346
8
4347
8
4348
7
4349
11
4350
8
4351
7
4352
10
4353
8
4354
8
4355
8
4356
8
4357
6
4358
7
4359
11
4360
7
4361
7
4362
6
4363
10
4364
9
4365
6
4366
10
4367
6
4368
8
4369
9
4370
11
4371
9
4372
11
4373
6
4374
13
4375
6
4376
6
4377
6
4378
9
4379
10
4380
6
4381
10
4382
8
4383
7
4384
9
4385
6
4386
9
4387
8
4388
9
4389
7
4390
10
4391
6
4392
9
4393
10
4394
8
4395
7
4396
7
4397
6
4398
9
4399
9
4400
9
4401
10
4402
7
4403
8
4404
8
4405
9
4406
11
4407
7
4408
9
4409
10
4410
11
4411
9
4412
10
4413
7
4414
9
4415
7
4416
8
4417
9
4418
11
4419
6
4420
6
4421
12
4422
8
4423
8
4424
10
4425
8
4426
10
4427
10
4428
7
4429
6
4430
8
4431
7
4432
8
4433
6
4434
6
4435
15
4436
11
4437
7
4438
8
4439
10
4440
8
4441
7
4442
7
4443
9
4444
6
4445
8
4446
8
4447
6
4448
7
4449
6
4450
7
4451
8
4452
7
4453
8
4454
6
4455
13
4456
9
4457
7
4458
7
4459
7
4460
7
4461
8
4462
9
4463
7
4464
8
4465
7
4466
6
4467
8
4468
8
4469
7
4470
9
4471
9
4472
10
4473
11
4474
9
4475
12
4476
9
4477
8
4478
6
4479
7
4480
11
4481
9
4482
7
4483
8
4484
8
4485
7
4486
6
4487
9
4488
6
4489
7
4490
9
4491
8
4492
10
4493
7
4494
8
4495
7
4496
10
4497
6
4498
10
4499
7
4500
7
4501
6
4502
9
4503
8
4504
7
4505
7
4506
6
4507
7
4508
6
4509
7
4510
7
4511
6
4512
9
4513
8
4514
7
4515
11
4516
11
4517
6
4518
6
4519
7
4520
6
4521
8
4522
6
4523
9
4524
7
4525
7
4526
8
4527
9
4528
8
4529
6
4530
11
4531
6
4532
7
4533
8
4534
8
4535
7
4536
6
4537
7
4538
7
4539
6
4540
8
4541
11
4542
10
4543
8
4544
8
4545
8
4546
8
4547
7
4548
7
4549
7
4550
11
4551
12
4552
6
4553
6
4554
8
4555
8
4556
8
4557
8
4558
7
4559
7
4560
6
4561
8
4562
9
4563
11
4564
6
4565
8
4566
9
4567
7
4568
13
4569
11
4570
8
4571
6
4572
8
4573
10
4574
9
4575
6
4576
9
4577
11
4578
7
4579
9
4580
6
4581
8
4582
9
4583
9
4584
6
4585
9
4586
11
4587
6
4588
9
4589
7
4590
6
4591
8
4592
8
4593
9
4594
8
4595
8
4596
8
4597
7
4598
9
4599
6
4600
6
4601
10
4602
8
4603
9
4604
9
4605
8
4606
9
4607
11
4608
9
4609
7
4610
7
4611
6
4612
7
4613
6
4614
7
4615
6
4616
8
4617
8
4618
6
4619
10
4620
7
4621
8
4622
8
4623
6
4624
9
4625
7
4626
10
4627
6
4628
6
4629
7
4630
9
4631
6
4632
7
4633
6
4634
8
4635
6
4636
8
4637
6
4638
7
4639
9
4640
7
4641
6
4642
8
4643
7
4644
8
4645
7
4646
6
4647
7
4648
6
4649
7
4650
6
4651
7
4652
8
4653
8
4654
7
4655
8
4656
6
4657
6
4658
7
4659
8
4660
7
4661
7
4662
9
4663
7
4664
6
4665
7
4666
6
4667
7
4668
7
4669
9
4670
9
4671
7
4672
8
4673
9
4674
9
4675
7
4676
8
4677
7
4678
9
4679
6
4680
8
4681
6
4682
8
4683
9
4684
7
4685
7
4686
8
4687
6
4688
6
4689
6
4690
7
4691
6
4692
9
4693
6
4694
6
4695
10
4696
8
4697
10
4698
18
4699
8
4700
6
4701
10
4702
7
4703
9
4704
8
4705
10
4706
8
4707
9
4708
8
4709
8
4710
8
4711
12
4712
6
4713
7
4714
7
4715
8
4716
7
4717
6
4718
6
4719
11
4720
9
4721
9
4722
8
4723
6
4724
10
4725
9
4726
10
4727
6
4728
10
4729
6
4730
7
4731
8
4732
7
4733
9
4734
9
4735
10
4736
10
4737
6
4738
7
4739
7
4740
8
4741
8
4742
6
4743
8
4744
8
4745
8
4746
9
4747
8
4748
7
4749
8
4750
12
4751
9
4752
9
4753
7
4754
8
4755
7
4756
8
4757
9
4758
6
4759
7
4760
7
4761
9
4762
8
4763
8
4764
6
4765
6
4766
7
4767
10
4768
9
4769
7
4770
6
4771
6
4772
9
4773
8
4774
6
4775
10
4776
6
4777
6
4778
9
4779
8
4780
8
4781
6
4782
9
4783
6
4784
7
4785
9
4786
7
4787
8
4788
9
4789
10
4790
6
4791
7
4792
7
4793
8
4794
7
4795
9
4796
7
4797
6
4798
7
4799
9
4800
8
4801
9
4802
7
4803
7
4804
8
4805
6
4806
11
4807
6
4808
6
4809
10
4810
8
4811
6
4812
7
4813
8
4814
7
4815
16
4816
6
4817
7
4818
7
4819
11
4820
6
4821
9
4822
9
4823
6
4824
8
4825
9
4826
14
4827
11
4828
8
4829
6
4830
6
4831
7
4832
9
4833
9
4834
7
4835
9
4836
9
4837
6
4838
9
4839
7
4840
6
4841
9
4842
6
4843
9
4844
10
4845
11
4846
7
4847
7
4848
7
4849
10
4850
8
4851
10
4852
6
4853
6
4854
9
4855
7
4856
9
4857
6
4858
6
4859
8
4860
10
4861
7
4862
7
4863
8
4864
9
4865
8
4866
6
4867
7
4868
6
4869
7
4870
8
4871
7
4872
10
4873
8
4874
9
4875
7
4876
7
4877
6
4878
9
4879
7
4880
13
4881
11
4882
7
4883
7
4884
8
4885
7
4886
7
4887
10
4888
8
4889
8
4890
6
4891
8
4892
7
4893
7
4894
9
4895
7
4896
7
4897
8
4898
8
4899
7
4900
6
4901
7
4902
8
4903
6
4904
10
4905
8
4906
6
4907
8
4908
6
4909
7
4910
7
4911
7
4912
8
4913
9
4914
7
4915
7
4916
6
4917
6
4918
9
4919
7
4920
6
4921
6
4922
10
4923
7
4924
8
4925
8
4926
6
4927
7
4928
9
4929
6
4930
8
4931
7
4932
8
4933
8
4934
9
4935
6
4936
6
4937
6
4938
10
4939
6
4940
7
4941
9
4942
7
4943
6
4944
7
4945
7
4946
11
4947
8
4948
7
4949
6
4950
10
4951
8
4952
7
4953
6
4954
9
4955
7
4956
10
4957
8
4958
9
4959
6
4960
7
4961
7
4962
9
4963
10
4964
8
4965
6
4966
7
4967
9
4968
7
4969
6
4970
8
4971
6
4972
7
4973
7
4974
7
4975
6
4976
8
4977
6
4978
6
4979
8
4980
9
4981
9
4982
9
4983
7
4984
7
4985
6
4986
7
4987
9
4988
12
4989
6
4990
7
4991
9
4992
7
4993
6
4994
7
4995
6
4996
7
4997
6
4998
7
4999
7
5000
7
5001
9
5002
8
5003
7
5004
8
5005
9
5006
6
5007
11
5008
7
5009
6
5010
6
5011
6
5012
6
5013
9
5014
8
5015
6
5016
7
5017
7
5018
6
5019
10
5020
9
5021
7
5022
7
5023
11
5024
8
5025
8
5026
9
5027
8
5028
7
5029
8
5030
7
5031
15
5032
8
5033
6
5034
9
5035
7
5036
8
5037
6
5038
6
5039
7
5040
8
5041
8
5042
7
5043
8
5044
9
5045
8
5046
8
5047
6
5048
7
5049
8
5050
11
5051
7
5052
6
5053
7
5054
7
5055
7
5056
8
5057
8
5058
6
5059
6
5060
7
5061
10
5062
8
5063
7
5064
6
5065
8
5066
6
5067
7
5068
9
5069
9
5070
7
5071
6
5072
6
5073
8
5074
8
5075
7
5076
8
5077
6
5078
6
5079
8
5080
7
5081
7
5082
8
5083
7
5084
8
5085
7
5086
8
5087
7
5088
7
5089
7
5090
7
5091
7
5092
8
5093
8
5094
6
5095
8
5096
10
5097
7
5098
8
5099
8
5100
8
5101
7
5102
6
5103
6
5104
7
5105
8
5106
6
5107
8
5108
7
5109
9
5110
9
5111
9
5112
9
5113
7
5114
9
5115
6
5116
7
5117
9
5118
7
5119
7
5120
9
5121
7
5122
7
5123
7
5124
6
5125
9
5126
9
5127
11
5128
8
5129
6
5130
7
5131
9
5132
9
5133
8
5134
7
5135
6
5136
7
5137
8
5138
7
5139
7
5140
11
5141
8
5142
6
5143
7
5144
8
5145
7
5146
7
5147
8
5148
7
5149
9
5150
6
5151
9
5152
6
5153
6
5154
7
5155
8
5156
6
5157
12
5158
8
5159
7
5160
7
5161
9
5162
6
5163
8
5164
7
5165
7
5166
6
5167
7
5168
8
5169
7
5170
8
5171
7
5172
6
5173
6
5174
9
5175
7
5176
6
5177
10
5178
7
5179
7
5180
6
5181
8
5182
8
5183
9
5184
7
5185
8
5186
7
5187
8
5188
8
5189
8
5190
6
5191
8
5192
7
5193
13
5194
7
5195
8
5196
8
5197
7
5198
6
5199
7
5200
6
5201
8
5202
8
5203
9
5204
7
5205
9
5206
11
5207
10
5208
7
5209
6
5210
7
5211
7
5212
7
5213
9
5214
7
5215
9
5216
7
5217
8
5218
7
5219
7
5220
9
5221
8
5222
6
5223
6
5224
8
5225
8
5226
8
5227
7
5228
13
5229
6
5230
8
5231
8
5232
6
5233
7
5234
10
5235
8
5236
6
5237
8
5238
7
5239
10
5240
6
5241
6
5242
8
5243
6
5244
8
5245
8
5246
6
5247
6
5248
8
5249
7
5250
6
5251
6
5252
9
5253
7
5254
8
5255
8
5256
6
5257
6
5258
8
5259
7
5260
9
5261
7
5262
6
5263
8
5264
6
5265
7
5266
6
5267
9
5268
6
5269
13
5270
6
5271
6
5272
6
5273
7
5274
6
5275
6
5276
9
5277
8
5278
6
5279
10
5280
6
5281
9
5282
6
5283
8
5284
10
5285
7
5286
7
5287
9
5288
6
5289
6
5290
9
5291
7
5292
7
5293
9
5294
7
5295
8
5296
9
5297
7
5298
7
5299
8
5300
9
5301
7
5302
6
5303
8
5304
8
5305
9
5306
7
5307
9
5308
8
5309
9
5310
7
5311
6
5312
8
5313
6
5314
6
5315
8
5316
6
5317
6
5318
8
5319
8
5320
7
5321
8
5322
6
5323
10
5324
6
5325
6
5326
6
5327
7
5328
10
5329
8
5330
8
5331
13
5332
7
5333
6
5334
8
5335
6
5336
9
5337
8
5338
11
5339
7
5340
11
5341
10
5342
7
5343
7
5344
8
5345
7
5346
6
5347
8
5348
6
5349
8
5350
7
5351
6
5352
7
5353
6
5354
7
5355
10
5356
8
5357
7
5358
6
5359
6
5360
8
5361
8
5362
6
5363
11
5364
8
5365
7
5366
7
5367
7
5368
10
5369
6
5370
9
5371
7
5372
7
5373
6
5374
13
5375
6
5376
9
5377
6
5378
7
5379
8
5380
9
5381
6
5382
8
5383
9
5384
6
5385
7
5386
7
5387
7
5388
6
5389
6
5390
8
5391
7
5392
7
5393
6
5394
6
5395
6
5396
7
5397
6
5398
7
5399
8
5400
9
5401
11
5402
10
5403
6
5404
10
5405
7
5406
9
5407
9
5408
9
5409
6
5410
7
5411
6
5412
9
5413
8
5414
8
5415
6
5416
7
5417
7
5418
7
5419
7
5420
10
5421
9
5422
9
5423
7
5424
7
5425
6
5426
6
5427
6
5428
9
5429
7
5430
8
5431
8
5432
8
5433
7
5434
8
5435
11
5436
7
5437
7
5438
7
5439
8
5440
8
5441
9
5442
7
5443
7
5444
7
5445
7
5446
7
5447
7
5448
8
5449
6
5450
6
5451
6
5452
6
5453
6
5454
8
5455
6
5456
8
5457
7
5458
8
5459
10
5460
6
5461
8
5462
8
5463
7
5464
8
5465
8
5466
7
5467
6
5468
6
5469
9
5470
8
5471
7
5472
7
5473
6
5474
9
5475
8
5476
7
5477
9
5478
7
5479
6
5480
6
5481
8
5482
7
5483
6
5484
8
5485
8
5486
6
5487
8
5488
8
5489
6
5490
6
5491
7
5492
9
5493
7
5494
7
5495
6
5496
7
5497
6
5498
6
5499
8
5500
8
5501
8
5502
8
5503
6
5504
8
5505
7
5506
9
5507
6
5508
8
5509
6
5510
7
5511
7
5512
7
5513
9
5514
7
5515
7
5516
7
5517
6
5518
6
5519
6
5520
8
5521
7
5522
7
5523
8
5524
8
5525
6
5526
9
5527
6
5528
10
5529
6
5530
7
5531
9
5532
6
5533
6
5534
6
5535
8
5536
8
5537
7
5538
7
5539
7
5540
7
5541
6
5542
8
5543
8
5544
7
5545
7
5546
6
5547
6
5548
7
5549
7
5550
7
5551
6
5552
6
5553
13
5554
7
5555
6
5556
7
5557
6
5558
9
5559
9
5560
7
5561
7
5562
8
5563
6
5564
8
5565
8
5566
8
5567
7
5568
6
5569
10
5570
8
5571
8
5572
6
5573
8
5574
6
5575
7
5576
7
5577
9
5578
8
5579
6
5580
8
5581
7
5582
7
5583
8
5584
6
5585
7
5586
6
5587
7
5588
7
5589
7
5590
7
5591
8
5592
9
5593
6
5594
10
5595
9
5596
7
5597
6
5598
8
5599
9
5600
7
5601
8
5602
6
5603
6
5604
11
5605
7
5606
7
5607
6
5608
7
5609
6
5610
7
5611
7
5612
8
5613
8
5614
6
5615
6
5616
8
5617
6
5618
8
5619
6
5620
8
5621
7
5622
6
5623
9
5624
9
5625
7
5626
9
5627
6
5628
7
5629
6
5630
7
5631
8
5632
8
5633
8
5634
6
5635
6
5636
9
5637
9
5638
7
5639
8
5640
8
5641
8
5642
7
5643
7
5644
7
5645
10
5646
6
5647
9
5648
9
5649
7
5650
6
5651
6
5652
7
5653
7
5654
7
5655
7
5656
7
5657
7
5658
6
5659
6
5660
6
5661
6
5662
6
5663
8
5664
7
5665
8
5666
6
5667
7
5668
8
5669
6
5670
6
5671
7
5672
6
5673
7
5674
7
5675
6
5676
8
5677
10
5678
7
5679
9
5680
7
5681
6
5682
7
5683
11
5684
10
5685
7
5686
7
5687
7
5688
6
5689
7
5690
6
5691
6
5692
8
5693
7
5694
7
5695
6
5696
7
5697
7
5698
6
5699
6
5700
7
5701
7
5702
7
5703
8
5704
6
5705
7
5706
6
5707
6
5708
7
5709
7
5710
10
5711
6
5712
6
5713
8
5714
6
5715
8
5716
8
5717
8
5718
8
5719
7
5720
6
5721
9
5722
8
5723
9
5724
7
5725
8
5726
6
5727
6
5728
6
5729
7
5730
7
5731
6
5732
10
5733
7
5734
9
5735
9
5736
9
5737
7
5738
6
5739
9
5740
8
5741
6
5742
6
5743
8
5744
6
5745
6
5746
6
5747
8
5748
8
5749
7
5750
8
5751
9
5752
9
5753
6
5754
7
5755
8
5756
6
5757
7
5758
7
5759
7
5760
6
5761
8
5762
8
5763
7
5764
6
5765
7
5766
6
5767
6
5768
7
5769
6
5770
7
5771
9
5772
7
5773
8
5774
7
5775
8
5776
7
5777
6
5778
7
5779
6
5780
6
5781
7
5782
6
5783
7
5784
7
5785
6
5786
8
5787
9
5788
8
5789
9
5790
8
5791
6
5792
8
5793
8
5794
8
5795
6
5796
7
5797
9
5798
8
5799
9
5800
8
5801
9
5802
7
5803
7
5804
6
5805
6
5806
6
5807
8
5808
8
5809
7
5810
7
5811
8
5812
8
5813
7
5814
7
5815
7
5816
8
5817
6
5818
8
5819
9
5820
6
5821
6
5822
7
5823
8
5824
6
5825
6
5826
7
5827
8
5828
6
5829
6
5830
9
5831
6
5832
7
5833
6
5834
11
5835
6
5836
8
5837
8
5838
6
5839
6
5840
6
5841
6
5842
8
5843
6
5844
7
5845
7
5846
6
5847
8
5848
8
5849
7
5850
6
5851
7
5852
7
5853
7
5854
10
5855
7
5856
8
5857
7
5858
8
5859
7
5860
6
5861
9
5862
10
5863
6
5864
7
5865
6
5866
8
5867
9
5868
6
5869
6
5870
7
5871
7
5872
7
5873
10
5874
7
5875
6
5876
8
5877
10
5878
7
5879
6
5880
6
5881
11
5882
8
5883
7
5884
6
5885
6
5886
7
5887
6
5888
8
5889
7
5890
8
5891
9
5892
6
5893
6
5894
6
5895
6
5896
7
5897
6
5898
6
5899
6
5900
7
5901
7
5902
7
5903
7
5904
6
5905
6
5906
7
5907
7
5908
7
5909
6
5910
6
5911
9
5912
7
5913
7
5914
6
5915
7
5916
7
5917
11
5918
6
5919
7
5920
9
5921
6
5922
7
5923
8
5924
7
5925
7
5926
6
5927
6
5928
9
5929
8
5930
7
5931
8
5932
7
5933
7
5934
7
5935
8
5936
7
5937
6
5938
6
5939
8
5940
8
5941
7
5942
6
5943
9
5944
11
5945
7
5946
7
5947
6
5948
8
5949
7
5950
6
5951
6
5952
6
5953
7
5954
7
5955
6
5956
6
5957
6
5958
6
5959
7
5960
7
5961
6
5962
8
5963
7
5964
8
5965
8
5966
6
5967
7
5968
7
5969
7
5970
7
5971
7
5972
6
5973
7
5974
6
5975
6
5976
7
5977
7
5978
6
5979
8
5980
8
5981
8
5982
7
5983
8
5984
7
5985
6
5986
6
5987
6
5988
6
5989
6
5990
6
5991
8
5992
8
5993
6
5994
7
5995
6
5996
8
5997
8
5998
6
5999
7
6000
6
6001
7
6002
9
6003
7
6004
6
6005
7
6006
9
6007
7
6008
9
6009
6
6010
6
6011
8
6012
8
6013
8
6014
7
6015
7
6016
7
6017
7
6018
7
6019
8
6020
7
6021
6
6022
6
6023
6
6024
6
6025
6
6026
11
6027
6
6028
6
6029
6
6030
7
6031
6
6032
7
6033
7
6034
7
6035
8
6036
7
6037
8
6038
7
6039
6
6040
6
6041
6
6042
6
6043
6
6044
6
6045
7
6046
6
6047
6
6048
8
6049
7
6050
6
6051
7
6052
6
6053
7
6054
7
6055
6
6056
7
6057
7
6058
6
6059
7
6060
9
6061
6
6062
10
6063
7
6064
6
6065
7
6066
7
6067
8
6068
6
6069
6
6070
7
6071
6
6072
7
6073
6
6074
9
6075
6
6076
6
6077
6
6078
7
6079
9
6080
7
6081
8
6082
7
6083
6
6084
6
6085
6
6086
7
6087
8
6088
6
6089
6
6090
6
6091
7
6092
6
6093
9
6094
6
6095
6
6096
7
6097
10
6098
8
6099
8
6100
7
6101
7
6102
8
6103
8
6104
6
6105
6
6106
6
6107
6
6108
6
6109
7
6110
6
6111
7
6112
6
6113
8
6114
7
6115
8
6116
8
6117
6
6118
7
6119
8
6120
7
6121
8
6122
7
6123
6
6124
8
6125
6
6126
6
6127
7
6128
6
6129
6
6130
7
6131
6
6132
8
6133
6
6134
7
6135
7
6136
6
6137
7
6138
6
6139
6
6140
7
6141
7
6142
8
6143
6
6144
6
6145
6
6146
6
6147
6
6148
6
6149
7
6150
7
6151
7
6152
7
6153
9
6154
7
6155
7
6156
6
6157
7
6158
7
6159
7
6160
9
6161
7
6162
6
6163
6
6164
6
6165
7
6166
6
6167
7
6168
7
6169
10
6170
6
6171
7
6172
6
6173
6
6174
6
6175
8
6176
7
6177
7
6178
6
6179
7
6180
6
6181
7
6182
7
6183
6
6184
7
6185
7
6186
7
6187
7
6188
8
6189
7
6190
6
6191
9
6192
6
6193
6
6194
6
6195
8
6196
7
6197
6
6198
6
6199
6
6200
6
6201
8
6202
6
6203
6
6204
6
6205
6
6206
6
6207
6
6208
7
6209
7
6210
7
6211
9
6212
8
6213
9
6214
7
6215
7
6216
7
6217
6
6218
8
6219
7
6220
7
6221
6
6222
6
6223
6
6224
6
6225
6
6226
6
6227
8
6228
8
6229
6
6230
9
6231
6
6232
8
6233
7
6234
6
6235
7
6236
6
6237
6
6238
7
6239
8
6240
8
6241
6
6242
7
6243
7
6244
6
6245
6
6246
6
6247
6
6248
7
6249
7
6250
7
6251
6
6252
7
6253
7
6254
7
6255
9
6256
7
6257
7
6258
6
6259
7
6260
6
6261
7
6262
8
6263
6
6264
7
6265
6
6266
6
6267
6
6268
8
6269
6
6270
6
6271
9
6272
6
6273
7
6274
7
6275
6
6276
6
6277
6
6278
7
6279
6
6280
6
6281
6
6282
6
6283
8
6284
6
6285
6
6286
7
6287
6
6288
7
6289
6
6290
6
6291
6
6292
10
6293
8
6294
6
6295
7
6296
7
6297
8
6298
6
6299
7
6300
6
6301
6
6302
8
6303
8
6304
6
6305
6
6306
6
6307
6
6308
7
6309
6
6310
8
6311
10
6312
7
6313
7
6314
7
6315
8
6316
8
6317
7
6318
6
6319
6
6320
7
6321
9
6322
6
6323
6
6324
6
6325
6
6326
6
6327
6
6328
7
6329
6
6330
6
6331
7
6332
6
6333
8
6334
7
6335
8
6336
6
6337
6
6338
7
6339
6
6340
6
6341
6
6342
8
6343
7
6344
6
6345
9
6346
6
6347
7
6348
6
6349
7
6350
7
6351
7
6352
6
6353
7
6354
7
6355
6
6356
7
6357
6
6358
7
6359
6
6360
6
6361
8
6362
8
6363
7
6364
6
6365
9
6366
7
6367
8
6368
7
6369
6
6370
6
6371
9
6372
7
6373
6
6374
6
6375
8
6376
6
6377
6
6378
11
6379
7
6380
6
6381
10
6382
6
6383
6
6384
6
6385
6
6386
6
6387
7
6388
6
6389
7
6390
7
6391
7
6392
8
6393
7
6394
8
6395
8
6396
6
6397
7
6398
8
6399
7
6400
7
6401
8
6402
7
6403
7
6404
7
6405
6
6406
6
6407
6
6408
7
6409
8
6410
7
6411
7
6412
6
6413
8
6414
6
6415
6
6416
6
6417
6
6418
8
6419
6
6420
6
6421
6
6422
6
6423
6
6424
7
6425
6
6426
7
6427
6
6428
6
6429
6
6430
10
6431
6
6432
6
6433
7
6434
6
6435
6
6436
9
6437
8
6438
8
6439
7
6440
6
6441
6
6442
7
6443
7
6444
6
6445
6
6446
7
6447
8
6448
6
6449
6
6450
6
6451
7
6452
6
6453
6
6454
8
6455
6
6456
9
6457
7
6458
6
6459
7
6460
6
6461
6
6462
8
6463
7
6464
9
6465
6
6466
7
6467
6
6468
6
6469
8
6470
6
6471
8
6472
6
6473
7
6474
6
6475
6
6476
6
6477
6
6478
6
6479
6
6480
6
6481
6
6482
6
6483
7
6484
9
6485
8
6486
8
6487
9
6488
7
6489
6
6490
7
6491
6
6492
7
6493
6
6494
6
6495
7
6496
7
6497
6
6498
6
6499
6
6500
6
6501
7
6502
6
6503
6
6504
8
6505
6
6506
6
6507
8
6508
6
6509
6
6510
7
6511
8
6512
6
6513
7
6514
7
6515
7
6516
8
6517
6
6518
6
6519
7
6520
7
6521
7
6522
7
6523
6
6524
6
6525
7
6526
7
6527
8
6528
6
6529
7
6530
7
6531
6
6532
7
6533
6
6534
7
6535
6
6536
6
6537
8
6538
6
6539
6
6540
6
6541
6
6542
6
6543
8
6544
6
6545
6
6546
6
6547
6
6548
6
6549
6
6550
6
6551
7
6552
6
6553
6
6554
6
6555
6
6556
6
6557
6
6558
7
6559
6
6560
7
6561
8
6562
6
6563
6
6564
9
6565
8
6566
9
6567
7
6568
7
6569
7
6570
8
6571
8
6572
6
6573
7
6574
6
6575
6
6576
6
6577
7
6578
6
6579
8
6580
6
6581
6
6582
7
6583
6
6584
7
6585
7
6586
6
6587
6
6588
6
6589
6
6590
6
6591
6
6592
6
6593
6
6594
6
6595
6
6596
6
6597
6
6598
8
6599
8
6600
6
6601
8
6602
6
6603
6
6604
6
6605
7
6606
6
6607
7
6608
7
6609
6
6610
7
6611
7
6612
8
6613
6
6614
6
6615
7
6616
6
6617
6
6618
6
6619
6
6620
7
6621
7
6622
6
6623
6
6624
6
6625
7
6626
7
6627
8
6628
6
6629
6
6630
6
6631
6
6632
7
6633
6
6634
6
6635
8
6636
6
6637
7
6638
6
6639
6
6640
6
6641
6
6642
6
6643
9
6644
6
6645
7
6646
7
6647
6
6648
6
6649
6
6650
7
6651
8
6652
8
6653
6
6654
6
6655
8
6656
7
6657
6
6658
8
6659
6
6660
6
6661
6
6662
6
6663
7
6664
6
6665
6
6666
6
6667
6
6668
7
6669
6
6670
6
6671
8
6672
6
6673
6
6674
6
6675
6
6676
8
6677
6
6678
6
6679
6
6680
6
6681
6
6682
8
6683
6
6684
6
6685
7
6686
9
6687
6
6688
7
6689
7
6690
9
6691
6
6692
6
6693
7
6694
6
6695
7
6696
7
6697
6
6698
8
6699
6
6700
6
6701
6
6702
8
6703
6
6704
6
6705
6
6706
6
6707
6
6708
7
6709
8
6710
7
6711
6
6712
6
6713
7
6714
7
6715
6
6716
6
6717
6
6718
7
6719
6
6720
7
6721
9
6722
6
6723
8
6724
6
6725
7
6726
7
6727
6
6728
9
6729
6
6730
7
6731
6
6732
6
6733
6
6734
7
6735
6
6736
7
6737
8
6738
7
6739
8
6740
6
6741
6
6742
7
6743
6
6744
6
6745
6
6746
6
6747
6
6748
6
6749
6
6750
6
6751
6
6752
6
6753
6
6754
6
6755
7
6756
6
6757
7
6758
6
6759
7
6760
6
6761
7
6762
7
6763
6
6764
6
6765
6
6766
8
6767
6
6768
7
6769
6
6770
7
6771
7
6772
6
6773
6
6774
7
6775
6
6776
6
6777
6
6778
7
6779
6
6780
7
6781
7
6782
6
6783
7
6784
7
6785
6
6786
6
6787
7
6788
7
6789
8
6790
6
6791
6
6792
6
6793
7
6794
6
6795
8
6796
6
6797
7
6798
6
6799
7
6800
7
6801
6
6802
6
6803
7
6804
7
6805
7
6806
6
6807
6
6808
6
6809
6
6810
6
6811
6
6812
6
6813
7
6814
7
6815
6
6816
7
6817
7
6818
8
6819
6
6820
6
6821
6
6822
6
6823
6
6824
6
6825
6
6826
6
6827
6
6828
6
6829
6
6830
6
6831
6
6832
8
6833
6
6834
6
6835
6
6836
6
6837
7
6838
6
6839
6
6840
6
6841
7
6842
6
6843
7
6844
6
6845
7
6846
6
6847
6
6848
6
6849
6
6850
6
6851
6
6852
7
6853
6
6854
6
6855
6
6856
6
6857
8
6858
8
6859
6
6860
6
6861
7
6862
6
6863
6
6864
6
6865
6
6866
6
6867
7
6868
6
6869
6
6870
6
6871
6
6872
6
6873
7
6874
7
6875
6
6876
6
6877
7
6878
6
6879
6
6880
6
6881
7
6882
7
6883
6
6884
7
6885
7
6886
7
6887
6
6888
9
6889
7
6890
6
6891
7
6892
6
6893
7
6894
6
6895
6
6896
7
6897
7
6898
6
6899
6
6900
6
6901
8
6902
6
6903
6
6904
8
6905
7
6906
6
6907
7
6908
6
6909
7
6910
7
6911
7
6912
7
6913
7
6914
8
6915
6
6916
7
6917
7
6918
6
6919
6
6920
6
6921
7
6922
7
6923
6
6924
6
6925
7
6926
7
6927
8
6928
6
6929
6
6930
6
6931
6
6932
6
6933
8
6934
6
6935
7
6936
9
6937
6
6938
8
6939
7
6940
7
6941
6
6942
6
6943
6
6944
6
6945
6
6946
6
6947
6
6948
6
6949
6
6950
7
6951
7
6952
6
6953
6
6954
6
6955
7
6956
6
6957
6
6958
6
6959
6
6960
6
6961
6
6962
6
6963
6
6964
7
6965
6
6966
6
6967
6
6968
6
6969
6
6970
6
6971
7
6972
6
6973
6
6974
7
6975
6
6976
6
6977
7
6978
7
6979
6
6980
8
6981
6
6982
8
6983
6
6984
6
6985
6
6986
6
6987
6
6988
6
6989
6
6990
8
6991
6
6992
6
6993
6
6994
7
6995
6
6996
7
6997
6
6998
6
6999
7
7000
7
7001
6
7002
6
7003
7
7004
7
7005
7
7006
6
7007
6
7008
6
7009
6
7010
6
7011
7
7012
6
7013
6
7014
7
7015
6
7016
6
7017
6
7018
8
7019
6
7020
6
7021
7
7022
6
7023
8
7024
6
7025
7
7026
6
7027
6
7028
6
7029
8
7030
7
7031
6
7032
6
7033
6
7034
6
7035
6
7036
6
7037
7
7038
6
7039
9
7040
7
7041
6
7042
6
7043
7
7044
6
7045
6
7046
6
7047
7
7048
8
7049
6
7050
8
7051
6
7052
7
7053
7
7054
8
7055
6
7056
6
7057
7
7058
6
7059
6
7060
6
7061
6
7062
7
7063
7
7064
6
7065
6
7066
6
7067
6
7068
6
7069
7
7070
6
7071
7
7072
6
7073
6
7074
7
7075
6
7076
6
7077
6
7078
6
7079
7
7080
6
7081
6
7082
7
7083
7
7084
6
7085
6
7086
6
7087
6
7088
7
7089
8
7090
9
7091
6
7092
6
7093
7
7094
6
7095
7
7096
6
7097
6
7098
8
7099
6
7100
6
7101
6
7102
6
7103
6
7104
6
7105
6
7106
6
7107
6
7108
6
7109
6
7110
6
7111
7
7112
6
7113
6
7114
6
7115
6
7116
6
7117
6
7118
6
7119
6
7120
6
7121
6
7122
6
7123
7
7124
6
7125
7
7126
6
7127
7
7128
6
7129
8
7130
6
7131
6
7132
7
7133
6
7134
6
7135
7
7136
6
7137
7
7138
6
7139
7
7140
6
7141
7
7142
6
7143
6
7144
6
7145
6
7146
7
7147
7
7148
6
7149
7
7150
6
7151
7
7152
6
7153
6
7154
8
7155
7
7156
6
7157
6
7158
6
7159
6
7160
6
7161
6
7162
8
7163
6
7164
6
7165
6
7166
6
7167
6
7168
6
7169
6
7170
6
7171
6
7172
6
7173
7
7174
7
7175
6
7176
6
7177
7
7178
6
7179
7
7180
6
7181
6
7182
6
7183
7
7184
6
7185
6
7186
6
7187
6
7188
6
7189
8
7190
6
7191
6
7192
7
7193
8
7194
6
7195
6
7196
6
7197
6
7198
6
7199
6
7200
6
7201
6
7202
6
7203
7
7204
6
7205
7
7206
6
7207
6
7208
7
7209
8
7210
7
7211
6
7212
8
7213
6
7214
8
7215
7
7216
6
7217
6
7218
8
7219
6
7220
7
7221
6
7222
6
7223
6
7224
6
7225
7
7226
7
7227
6
7228
6
7229
6
7230
6
7231
6
7232
6
7233
6
7234
7
7235
6
7236
6
7237
7
7238
6
7239
7
7240
6
7241
6
7242
8
7243
7
7244
7
7245
6
7246
6
7247
6
7248
6
7249
8
7250
6
7251
7
7252
6
7253
6
7254
6
7255
7
7256
6
7257
7
7258
6
7259
6
7260
6
7261
6
7262
6
7263
6
7264
6
7265
6
7266
7
7267
7
7268
6
7269
7
7270
6
7271
6
7272
6
7273
7
7274
6
7275
7
7276
6
7277
6
7278
7
7279
6
7280
6
7281
6
7282
6
7283
8
7284
6
7285
6
7286
6
7287
7
7288
6
7289
6
7290
6
7291
6
7292
6
7293
6
7294
6
7295
6
7296
6
7297
7
7298
6
7299
7
7300
7
7301
6
7302
6
7303
6
7304
6
7305
6
7306
6
7307
6
7308
6
7309
6
7310
6
7311
6
7312
6
7313
6
7314
6
7315
6
7316
7
7317
6
7318
6
7319
6
7320
7
7321
6
7322
7
7323
6
7324
6
7325
6
7326
6
7327
6
7328
8
7329
7
7330
6
7331
6
7332
6
7333
7
7334
6
7335
6
7336
6
7337
6
7338
7
7339
7
7340
6
7341
6
7342
6
7343
6
7344
6
7345
6
7346
6
7347
6
7348
6
7349
6
7350
6
7351
6
7352
6
7353
6
7354
6
7355
6
7356
8
7357
6
7358
6
7359
6
7360
6
7361
7
7362
7
7363
7
7364
6
7365
6
7366
6
7367
6
7368
6
7369
6
7370
6
7371
6
7372
7
7373
6
7374
6
7375
6
7376
6
7377
7
7378
7
7379
7
7380
6
7381
6
7382
6
7383
6
7384
7
7385
6
7386
6
7387
7
7388
7
7389
7
7390
6
7391
6
7392
6
7393
7
7394
6
7395
6
7396
6
7397
7
7398
6
7399
6
7400
6
7401
7
7402
6
7403
7
7404
7
7405
7
7406
6
7407
6
7408
6
7409
6
7410
6
7411
6
7412
6
7413
7
7414
6
7415
6
7416
7
7417
6
7418
6
7419
7
7420
6
7421
6
7422
7
7423
6
7424
6
7425
6
7426
6
7427
6
7428
6
7429
6
7430
6
7431
6
7432
6
7433
6
7434
6
7435
6
7436
8
7437
6
7438
6
7439
6
7440
6
7441
7
7442
6
7443
8
7444
6
7445
6
7446
6
7447
6
7448
6
7449
6
7450
6
7451
6
7452
6
7453
6
7454
6
7455
6
7456
7
7457
6
7458
6
7459
6
7460
7
7461
6
7462
6
7463
6
7464
6
7465
7
7466
7
7467
6
7468
6
7469
6
7470
7
7471
6
7472
6
7473
6
7474
7
7475
6
7476
7
7477
6
7478
6
7479
6
7480
6
7481
6
7482
6
7483
6
7484
6
7485
6
7486
6
7487
6
7488
6
7489
6
7490
6
7491
7
7492
7
7493
6
7494
6
7495
6
7496
6
7497
6
7498
6
7499
6
7500
6
7501
6
7502
6
7503
6
7504
6
7505
6
7506
6
7507
6
7508
6
7509
6
7510
6
7511
7
7512
6
7513
7
7514
6
7515
6
7516
6
7517
6
7518
6
7519
6
7520
6
7521
6
7522
6
7523
6
7524
6
7525
6
7526
7
7527
6
7528
6
7529
6
7530
8
7531
6
7532
7
7533
6
7534
6
7535
6
7536
6
7537
6
7538
6
7539
7
7540
6
7541
6
7542
6
7543
6
7544
6
7545
7
7546
6
7547
6
7548
7
7549
6
7550
6
7551
7
7552
6
7553
6
7554
7
7555
6
7556
6
7557
6
7558
6
7559
7
7560
6
7561
6
7562
6
7563
6
7564
6
7565
6
7566
6
7567
6
7568
6
7569
6
7570
6
7571
6
7572
7
7573
6
7574
6
7575
6
7576
7
7577
6
7578
6
7579
6
7580
6
7581
6
7582
6
7583
6
7584
6
7585
6
7586
6
7587
6
7588
6
7589
6
7590
6
7591
8
7592
6
7593
6
7594
6
7595
6
7596
6
7597
7
7598
6
7599
6
7600
6
7601
6
7602
6
7603
6
7604
6
7605
7
7606
6
7607
6
7608
6
7609
6
7610
6
7611
6
7612
6
7613
6
7614
6
7615
6
7616
6
7617
6
7618
6
7619
6
7620
6
7621
6
7622
6
7623
6
7624
6
7625
6
7626
6
7627
6
7628
6
7629
7
7630
6
7631
6
7632
6
7633
6
7634
6
7635
6
7636
8
7637
6
7638
6
7639
6
7640
8
7641
7
7642
6
7643
6
7644
6
7645
6
7646
6
7647
7
7648
6
7649
6
7650
6
7651
6
7652
6
7653
6
7654
6
7655
7
7656
6
7657
6
7658
6
7659
6
7660
6
7661
6
7662
6
7663
7
7664
6
7665
7
7666
6
7667
6
7668
6
7669
6
7670
6
7671
6
7672
6
7673
6
7674
6
7675
7
7676
6
7677
6
7678
6
7679
6
7680
6
7681
6
7682
6
7683
6
7684
6
7685
6
7686
6
7687
6
7688
6
7689
6
7690
6
7691
6
7692
6
7693
6
7694
6
7695
6
7696
6
7697
6
7698
6
7699
6
7700
6
7701
6
7702
6
7703
7
7704
7
7705
6
7706
6
7707
6
7708
6
7709
6
7710
6
7711
6
7712
6
7713
6
7714
6
7715
6
7716
6
7717
7
7718
6
7719
6
7720
6
7721
6
7722
6
7723
6
7724
6
7725
6
7726
6
7727
6
7728
6
7729
6
7730
6
7731
6
7732
7
7733
6
7734
6
7735
6
7736
7
7737
6
7738
6
7739
6
7740
6
7741
6
7742
6
7743
6
7744
6
7745
6
7746
6
7747
6
7748
7
7749
6
7750
6
7751
6
7752
6
7753
7
7754
6
7755
6
7756
6
7757
6
7758
6
7759
6
7760
7
7761
6
7762
6
7763
6
7764
6
7765
6
7766
6
7767
6
7768
7
7769
6
7770
6
7771
6
7772
6
7773
6
7774
6
7775
6
7776
6
7777
6
7778
6
7779
6
7780
6
7781
6
7782
6
7783
6
7784
6
7785
6
7786
6
7787
6
7788
6
7789
6
7790
6
7791
6
7792
6
7793
6
7794
6
7795
6
7796
6
7797
6
7798
6
7799
6
7800
6
7801
6
7802
6
7803
6
7804
6
7805
6
7806
6
7807
6
7808
6
7809
6
7810
7
7811
6
7812
6
7813
6
7814
6
7815
6
7816
6
7817
6
7818
6
7819
6
7820
6
7821
6
7822
6
7823
6
7824
6
7825
6
7826
6
7827
6
7828
6
7829
6
7830
6
7831
6
7832
6
7833
7
7834
6
7835
6
7836
6
7837
6
7838
6
7839
6
7840
6
7841
6
7842
6
7843
6
7844
6
7845
6
7846
6
7847
6
7848
6
7849
6
7850
6
7851
7
7852
6
7853
6
7854
6
7855
6
7856
6
7857
6
7858
6
7859
6
7860
6
7861
6
7862
6
7863
6
7864
6
7865
7
7866
6
7867
6
7868
6
7869
6
7870
6
7871
6
7872
6
7873
6
7874
6
7875
6
7876
6
7877
6
7878
6
7879
6
7880
6
7881
6
7882
7
7883
6
7884
6
7885
6
7886
6
7887
6
7888
6
7889
6
7890
6
7891
6
7892
6
7893
6
7894
6
7895
6
7896
6
7897
6
7898
6
7899
6
7900
6
7901
6
7902
6
7903
6
7904
7
7905
6
7906
6
7907
7
7908
6
7909
6
7910
7
7911
6
7912
6
7913
6
7914
6
7915
6
7916
6
7917
6
7918
6
7919
6
7920
6
7921
6
7922
6
7923
6
7924
6
7925
6
7926
6
7927
6
7928
6
7929
6
7930
6
7931
6
7932
6
7933
6
7934
6
7935
6
7936
6
7937
6
7938
6
7939
6
7940
6
7941
6
7942
6
7943
6
7944
6
7945
6
7946
6
7947
6
7948
6
7949
6
7950
6
7951
6
7952
6
7953
6
7954
6
7955
6
7956
6
7957
6
7958
6
7959
6
7960
6
7961
6
7962
6
7963
6
7964
6
7965
6
7966
6
7967
6
7968
6
7969
6
7970
6
7971
6
7972
6
7973
6
7974
6
7975
6
7976
6
7977
6
7978
6
7979
6
7980
6
7981
6
7982
6
7983
6
7984
6
7985
6
7986
6
7987
6
7988
6
7989
6
7990
6
7991
6
7992
6
7993
6
7994
6
7995
6
7996
6
7997
6
7998
6
7999
6
