1662
0
29
1
31
2
29
3
28
4
24
5
30
6
26
7
16
8
24
9
25
10
23
11
25
12
24
13
25
14
35
15
20
16
30
17
30
18
25
19
25
20
15
21
27
22
23
23
18
24
19
25
27
26
18
27
18
28
22
29
23
30
18
31
18
32
20
33
15
34
15
35
16
36
24
37
20
38
26
39
20
40
22
41
23
42
11
43
16
44
24
45
18
46
17
47
25
48
19
49
29
50
16
51
12
52
14
53
17
54
19
55
17
56
21
57
11
58
20
59
19
60
11
61
23
62
15
63
17
64
23
65
19
66
20
67
20
68
21
69
15
70
17
71
17
72
17
73
8
74
16
75
17
76
17
77
16
78
16
79
14
80
22
81
17
82
20
83
5
84
20
85
18
86
24
87
14
88
15
89
19
90
17
91
16
92
23
93
18
94
20
95
16
96
15
97
11
98
19
99
12
100
16
101
10
102
13
103
13
104
9
105
12
106
24
107
19
108
9
109
16
110
15
111
22
112
20
113
15
114
11
115
17
116
20
117
13
118
21
119
17
120
17
121
18
122
13
123
10
124
13
125
9
126
20
127
12
128
14
129
9
130
16
131
19
132
16
133
14
134
18
135
13
136
17
137
14
138
13
139
17
140
17
141
11
142
15
143
15
144
23
145
15
146
11
147
13
148
17
149
13
150
8
151
13
152
15
153
11
154
12
155
11
156
12
157
14
158
27
159
11
160
10
161
7
162
10
163
10
164
6
165
13
166
19
167
12
168
15
169
14
170
10
171
17
172
10
173
11
174
8
175
10
176
11
177
15
178
8
179
12
180
13
181
12
182
9
183
12
184
14
185
13
186
13
187
12
188
11
189
12
190
9
191
12
192
13
193
9
194
9
195
13
196
7
197
15
198
19
199
9
200
15
201
10
202
16
203
11
204
15
205
13
206
12
207
11
208
9
209
8
210
15
211
8
212
11
213
12
214
17
215
15
216
10
217
11
218
16
219
15
220
21
221
10
222
11
223
15
224
8
225
19
226
14
227
10
228
9
229
10
230
6
231
13
232
16
233
7
234
11
235
14
236
13
237
11
238
12
239
10
240
10
241
7
242
7
243
7
244
9
245
16
246
8
247
5
248
13
249
14
250
11
251
9
252
12
253
8
254
4
255
8
256
19
257
14
258
8
259
9
260
7
261
7
262
12
263
10
264
12
265
10
266
8
267
8
268
16
269
9
270
8
271
8
272
12
273
8
274
12
275
18
276
12
277
5
278
11
279
13
280
9
281
11
282
7
283
13
284
13
285
12
286
10
287
3
288
12
289
13
290
8
291
12
292
10
293
5
294
4
295
9
296
3
297
9
298
12
299
11
300
8
301
11
302
5
303
7
304
11
305
10
306
6
307
12
308
11
309
10
310
8
311
15
312
9
313
6
314
11
315
10
316
7
317
8
318
6
319
7
320
8
321
12
322
14
323
10
324
6
325
13
326
9
327
8
328
9
329
8
330
4
331
11
332
9
333
5
334
17
335
12
336
7
337
6
338
10
339
11
340
12
341
10
342
7
343
7
344
13
345
7
346
9
347
11
348
12
349
12
350
10
351
7
352
12
353
10
354
6
355
11
356
7
357
11
358
13
359
7
360
6
361
5
362
9
363
12
364
10
365
8
366
5
367
7
368
6
369
7
370
13
371
8
372
12
373
12
374
11
375
10
376
6
377
7
378
8
379
10
380
9
381
4
382
10
383
11
384
11
385
3
386
7
387
3
388
6
389
8
390
8
391
8
392
5
393
9
394
10
395
5
396
10
397
12
398
4
399
8
400
9
401
9
402
10
403
8
404
10
405
4
406
9
407
9
408
5
409
6
410
7
411
9
412
7
413
9
414
15
415
7
416
4
417
10
418
3
419
8
420
7
421
4
422
14
423
8
424
7
425
9
426
6
427
7
428
6
429
5
430
10
431
7
432
5
433
6
434
8
435
10
436
8
437
8
438
13
439
5
440
11
441
6
442
7
443
9
444
5
445
6
446
13
447
4
448
10
449
4
450
11
451
5
452
5
453
5
454
4
455
11
456
10
457
10
458
5
459
13
460
14
461
6
462
4
463
6
464
8
465
7
466
5
467
5
468
4
469
8
470
7
471
8
472
4
473
5
474
4
475
7
476
10
477
5
478
9
479
7
480
7
481
8
482
7
483
8
484
9
485
5
486
8
487
6
488
5
489
8
490
5
491
3
492
7
493
4
494
9
495
10
496
4
497
7
498
6
499
9
500
7
501
4
502
8
503
9
504
8
505
14
506
9
507
4
508
7
509
8
510
9
511
11
512
6
513
5
514
7
515
2
516
4
517
10
518
7
519
6
520
8
521
8
522
5
523
9
524
5
525
9
526
11
527
12
528
12
529
6
530
6
531
7
532
8
533
13
534
3
535
6
536
6
537
10
538
2
539
5
540
6
541
10
542
7
543
10
544
9
545
6
546
7
547
6
548
7
549
6
550
9
551
8
552
5
553
8
554
4
555
8
556
2
557
7
558
9
559
5
560
12
561
4
562
7
563
7
564
6
565
3
566
4
567
3
568
6
569
6
570
5
571
9
572
9
573
7
574
10
575
4
576
6
577
2
578
5
579
6
580
6
581
4
582
10
583
7
584
8
585
8
586
8
587
3
588
9
589
4
590
6
591
9
592
12
593
7
594
5
595
7
596
3
597
7
598
9
599
4
600
5
601
3
602
3
603
7
604
12
605
2
606
7
607
9
608
2
609
4
610
7
611
7
612
7
613
6
614
3
615
5
616
4
617
3
618
9
619
8
620
7
621
7
622
12
623
5
624
7
625
3
626
6
627
8
628
6
629
3
630
3
631
5
632
8
633
5
634
9
635
5
636
9
637
6
638
4
639
4
640
6
641
7
642
3
643
5
644
1
645
8
646
8
647
4
648
6
649
5
650
5
651
4
652
5
653
5
654
3
655
10
656
5
657
6
658
6
659
3
660
4
661
5
662
3
663
7
664
11
665
6
666
4
667
1
668
7
669
3
670
6
671
10
672
8
673
4
674
4
675
2
676
5
677
6
678
4
679
5
680
8
681
3
682
6
683
3
684
6
685
8
686
4
687
5
688
6
689
6
690
4
691
1
692
7
693
4
694
4
695
3
696
7
697
5
698
2
699
5
700
4
701
3
702
4
703
6
704
7
705
5
706
6
707
4
708
3
709
6
710
3
711
4
712
3
713
6
714
3
715
4
716
6
717
4
718
4
719
3
720
8
721
8
722
8
723
7
724
7
725
5
726
5
727
4
728
5
729
7
730
5
731
4
732
6
733
6
734
4
735
5
736
3
737
3
738
4
739
4
740
8
741
3
742
9
743
3
744
4
745
5
746
7
747
6
748
4
749
4
750
8
751
7
752
4
753
4
754
6
755
7
756
3
757
5
758
4
759
3
760
4
761
7
762
5
763
3
764
3
765
5
766
3
767
5
768
4
769
2
770
7
771
5
772
6
773
6
774
5
775
5
776
4
777
2
778
4
779
9
780
3
781
4
782
7
783
2
784
3
785
4
786
3
787
5
788
6
789
7
790
2
791
4
792
9
793
3
794
4
795
5
796
7
797
2
798
3
799
8
800
7
801
3
802
3
803
6
804
5
805
4
806
5
807
5
808
4
809
6
810
6
811
4
812
2
813
3
814
3
815
4
816
5
817
4
818
6
819
4
820
6
821
3
822
3
823
9
824
4
825
4
826
6
827
3
828
5
829
2
830
5
831
8
832
4
833
5
834
3
835
6
836
5
837
5
838
9
839
3
840
4
841
5
842
6
843
5
844
4
845
5
846
6
847
5
848
6
849
2
850
5
851
3
852
7
853
4
854
4
855
5
856
7
857
7
858
3
859
2
860
4
861
2
862
3
863
5
864
5
865
1
866
2
867
1
868
3
869
6
870
4
871
2
872
6
873
7
874
3
875
5
876
5
877
3
878
5
879
3
880
3
881
6
882
5
883
5
884
5
885
2
886
5
887
1
888
4
889
2
890
4
891
1
892
5
893
5
894
6
895
3
896
3
897
2
898
2
899
2
900
3
901
6
902
5
903
3
904
3
905
4
906
3
907
7
908
5
909
4
910
3
911
4
912
2
913
3
914
4
915
5
916
5
917
3
918
2
919
6
920
4
921
4
922
3
923
4
924
2
925
3
926
5
927
2
928
7
929
3
930
5
931
6
932
6
933
3
934
6
935
1
936
7
937
1
938
2
939
4
940
3
941
2
942
5
943
1
944
4
945
5
946
2
947
5
948
2
949
3
950
4
951
3
952
3
953
2
954
4
955
4
956
4
957
6
958
4
959
5
960
5
961
2
962
5
963
5
964
5
965
6
966
3
967
2
968
2
969
3
970
7
971
1
972
4
973
3
974
4
975
4
976
3
977
4
978
3
979
2
980
7
981
4
982
3
983
4
984
3
985
4
986
3
987
3
988
4
989
3
990
1
991
6
992
4
993
1
994
6
995
2
996
2
997
1
998
2
999
5
1000
1
1001
5
1002
3
1003
4
1004
2
1005
4
1006
7
1007
3
1008
4
1009
1
1010
6
1011
3
1012
5
1013
3
1014
4
1015
2
1016
4
1017
2
1018
5
1019
4
1020
1
1021
7
1022
4
1023
2
1024
2
1025
1
1026
2
1027
3
1028
2
1029
4
1030
6
1031
3
1032
3
1033
3
1034
2
1035
2
1036
2
1037
2
1038
2
1039
6
1040
6
1041
4
1042
5
1043
1
1044
2
1045
4
1046
5
1047
3
1048
5
1049
5
1050
5
1051
4
1052
5
1053
2
1054
4
1055
3
1056
1
1057
1
1058
4
1059
3
1060
3
1061
3
1062
1
1063
3
1064
4
1065
2
1066
5
1067
6
1068
4
1069
3
1070
4
1071
2
1072
2
1073
6
1074
2
1075
2
1076
2
1077
4
1078
4
1079
2
1080
3
1081
2
1082
5
1083
2
1084
5
1085
2
1086
4
1087
6
1088
2
1089
5
1090
4
1091
3
1092
3
1093
4
1094
5
1095
5
1096
2
1097
2
1098
2
1099
3
1100
4
1101
2
1102
5
1103
4
1104
6
1105
2
1106
3
1107
4
1108
4
1109
1
1110
5
1111
1
1112
1
1113
4
1114
3
1115
3
1116
3
1117
2
1118
2
1119
3
1120
3
1121
7
1122
2
1123
3
1124
2
1125
2
1126
3
1127
1
1128
2
1129
2
1130
4
1131
5
1132
1
1133
6
1134
2
1135
3
1136
4
1137
3
1138
4
1139
1
1140
3
1141
5
1142
3
1143
3
1144
2
1145
4
1146
3
1147
2
1148
2
1149
3
1150
2
1151
5
1152
3
1153
5
1154
2
1155
6
1156
4
1157
3
1158
3
1159
5
1160
2
1161
4
1162
1
1163
2
1164
5
1165
1
1166
5
1167
2
1168
4
1169
4
1170
2
1171
2
1172
3
1173
4
1174
4
1175
3
1176
1
1177
4
1178
3
1179
1
1180
3
1181
2
1182
3
1183
1
1184
3
1185
2
1186
1
1187
2
1188
2
1189
4
1190
2
1191
2
1192
3
1193
1
1194
1
1195
4
1196
3
1197
2
1198
3
1199
1
1200
2
1201
5
1202
3
1203
4
1204
2
1205
3
1206
2
1207
2
1208
2
1209
1
1210
2
1211
3
1212
5
1213
1
1214
2
1215
2
1216
3
1217
1
1218
3
1219
3
1220
5
1221
3
1222
1
1223
3
1224
2
1225
3
1226
2
1227
1
1228
2
1229
6
1230
3
1231
3
1232
5
1233
4
1234
5
1235
2
1236
3
1237
2
1238
4
1239
1
1240
2
1241
2
1242
1
1243
2
1244
6
1245
2
1246
1
1247
4
1248
1
1249
3
1250
2
1251
1
1252
2
1253
3
1254
2
1255
4
1256
2
1257
1
1258
1
1259
4
1260
1
1261
2
1262
2
1263
2
1264
3
1265
1
1266
3
1267
2
1268
4
1269
4
1270
2
1271
2
1272
2
1273
2
1274
2
1275
2
1276
4
1277
5
1278
2
1279
3
1280
5
1281
5
1282
1
1283
2
1284
3
1285
2
1286
1
1287
1
1288
3
1289
1
1290
4
1291
2
1292
3
1293
1
1294
1
1295
4
1296
2
1297
1
1298
2
1299
2
1300
4
1301
2
1302
2
1303
3
1304
2
1305
1
1306
1
1307
3
1308
2
1309
2
1310
1
1311
1
1312
1
1313
1
1314
1
1315
1
1316
3
1317
1
1318
3
1319
4
1320
1
1321
2
1322
3
1323
2
1324
1
1325
1
1326
1
1327
2
1328
2
1329
2
1330
2
1331
1
1332
1
1333
2
1334
2
1335
3
1336
2
1337
2
1338
1
1339
3
1340
1
1341
2
1342
4
1343
2
1344
3
1345
2
1346
3
1347
2
1348
1
1349
2
1350
3
1351
2
1352
2
1353
2
1354
2
1355
1
1356
2
1357
2
1358
2
1359
4
1360
4
1361
3
1362
2
1363
2
1364
1
1365
3
1366
1
1367
3
1368
2
1369
2
1370
4
1371
3
1372
2
1373
2
1374
4
1375
2
1376
1
1377
2
1378
3
1379
1
1380
2
1381
1
1382
1
1383
1
1384
1
1385
2
1386
3
1387
2
1388
2
1389
1
1390
2
1391
1
1392
2
1393
1
1394
3
1395
1
1396
1
1397
2
1398
2
1399
2
1400
2
1401
2
1402
3
1403
2
1404
1
1405
1
1406
1
1407
3
1408
1
1409
2
1410
3
1411
1
1412
1
1413
2
1414
1
1415
2
1416
2
1417
2
1418
1
1419
1
1420
2
1421
3
1422
2
1423
2
1424
1
1425
2
1426
1
1427
1
1428
1
1429
2
1430
3
1431
1
1432
2
1433
1
1434
2
1435
2
1436
4
1437
3
1438
2
1439
1
1440
1
1441
4
1442
1
1443
4
1444
2
1445
2
1446
3
1447
1
1448
1
1449
2
1450
4
1451
1
1452
1
1453
3
1454
1
1455
2
1456
1
1457
1
1458
1
1459
1
1460
1
1461
1
1462
2
1463
1
1464
2
1465
1
1466
2
1467
1
1468
1
1469
2
1470
3
1471
2
1472
1
1473
1
1474
3
1475
1
1476
1
1477
1
1478
2
1479
3
1480
1
1481
1
1482
3
1483
2
1484
1
1485
3
1486
2
1487
2
1488
1
1489
3
1490
1
1491
1
1492
1
1493
1
1494
1
1495
1
1496
2
1497
1
1498
2
1499
1
1500
2
1501
1
1502
1
1503
1
1504
3
1505
2
1506
2
1507
1
1508
1
1509
1
1510
1
1511
1
1512
1
1513
3
1514
1
1515
2
1516
1
1517
1
1518
1
1519
1
1520
1
1521
3
1522
1
1523
3
1524
1
1525
1
1526
3
1527
1
1528
1
1529
2
1530
2
1531
1
1532
1
1533
1
1534
1
1535
1
1536
1
1537
1
1538
2
1539
2
1540
1
1541
1
1542
2
1543
2
1544
2
1545
4
1546
1
1547
1
1548
1
1549
1
1550
1
1551
1
1552
1
1553
1
1554
1
1555
1
1556
1
1557
1
1558
1
1559
1
1560
2
1561
2
1562
1
1563
1
1564
1
1565
2
1566
1
1567
1
1568
3
1569
1
1570
1
1571
1
1572
1
1573
1
1574
1
1575
2
1576
2
1577
1
1578
1
1579
2
1580
1
1581
1
1582
2
1583
1
1584
1
1585
2
1586
1
1587
1
1588
2
1589
1
1590
1
1591
1
1592
1
1593
1
1594
1
1595
1
1596
1
1597
1
1598
1
1599
1
1600
1
1601
1
1602
1
1603
1
1604
1
1605
1
1606
1
1607
1
1608
1
1609
1
1610
1
1611
1
1612
1
1613
2
1614
1
1615
1
1616
1
1617
2
1618
1
1619
1
1620
1
1621
1
1622
2
1623
1
1624
1
1625
1
1626
1
1627
1
1628
2
1629
1
1630
1
1631
1
1632
1
1633
3
1634
1
1635
1
1636
1
1637
1
1638
2
1639
1
1640
1
1641
1
1642
2
1643
1
1644
1
1645
1
1646
1
1647
1
1648
1
1649
1
1650
1
1651
1
1652
1
1653
2
1654
1
1655
1
1656
1
1657
1
1658
1
1659
1
1660
1
1661
1
